( 1 )
( 1, -231, 210, -260, -341, 316 )
( -25, 212, -230, -31 )
( 102, 147, 213, 28, -127, 252, -147, -88 )
( 298, -81, -37, -177, -223, -33, 119, -80 )
( -168, -116, -32, 352, -196, -11, 151, 177 )
( 139, 192, -110, -122, 90 )
( -196, 30, -222, -1 )
( -12, -31 )
( -49, -154, -2, 258 )
( 223, 7, -11, 104, -199, 131, 51, -33, -79, -115 )
( 108, 0, 191, 125, -139, 98, 32 )
( 28, -100, 101, 110, -25, 352, -90, -224 )
( 131, -2, -28, 28, 212, -184, 131, -122 )
( 0 )
( 114, 97, -64, 220, -214 )
( -17, 224, 83, -1 )
( -93, -95, 151, -294, 221, 283, 214, -176, -191 )
( 1 )
( -2, -31, 35, 57 )
( -100, -195, 34, -18, 48, 163 )
( 122, -189, 168, -108, -90, 235, 60, -47, 65 )
( 104, 130, 207 )
( -179, 225, 56, 278 )
( -43, -134, 33 )
( -198, 81, 31, 77, -333, -166, -188 )
( -265, -270, -142 )
( 293, 71, 85, -5 )
( 110, 89, -182, -68, -23, -216, -17, 203, 131 )
( -20, -53, 54, -224, 226, -277, 286, 99, 240, 330 )
( 98, 104, -164, 134, -145, 70, 52, 178, -162, 47 )
( 2, -25 )
( 252, -138, 41 )
( -188, -163, -351, -82 )
( -51, 214, 38, -196, 198, -214 )
( 165, 146 )
( -1 )
( -194, 131, -76, 243 )
( 170, -222, -163, 57, 127, -280, 100, 45 )
( -189, -166, 175, -200, 65, -13, 65, -16 )
( -62, -81, 113 )
( 1 )
( 66, -13 )
( 231, 1, -139, 35 )
( -55, 118, 35 )
( 12, -214, 305, 125, 365 )
( -137, -110, 73, -26 )
( -8, -3, -128, 261, 121 )
( -101, -12 )
( -122, 39 )
( -9, -205, 219, 18, -150, -117, 251 )
( 216, 54, 326, -94, 120, -91, 165 )
( 225, 168, -102, -19, 42, 39, 62, -112 )
( -183, 135, -320, -28, -39, -125, 41, 233, 72 )
( 139, -172, -1, 332, -78 )
( 0 )
( -177, 332, -260, 95, -174, -146, -7, -160, 353, 310 )
( 48, 52, -21 )
( -244, -46, -39, -114, -316, -90, -109 )
( 1, -153, 51, -40, -123, 260, -116, -83, 65 )
( 78, 169, -70, -211, -178, 356, -157, 110, 267, -48 )
( -1 )
( -54, -279, -60, -127, -20, -83 )
( 113, -195, -166, 98 )
( 1 )
( -197, -171, -70, 90, 312 )
( -242, -3, 152, -56, 135, 35 )
( 0 )
( 70, 260, -215, -266, -85, 210 )
( -81, -93, -120, -152, 104 )
( 272, 11, -137, -324, -24, -22, -211, -151, -181, -167 )
( -105, 143, -147, -14, -169, -175, 180, 89, 281, -69 )
( -57, 21, -341, -143, 15, -187, -112, -158 )
( -13, -30, 143, -33 )
( -1 )
( 138, -222, -23, 65 )
( 189, -3, 205, 210, 66, 151, -342, 198, -61, -135 )
( -123, -57, -253, 380, 5, -99 )
( 213, -5, -80, -35, 287, 102, -221, 135, -162 )
( -15, 59, -25 )
( 77, 124, 87, 47, -78, 171 )
( 53, 113, 150, -47, 19, 288, 70 )
( 1 )
( -161, -13, -387 )
( -128, 134, 222, -123 )
( -38, -207 )
( 0 )
( 195, -251, 94, 77, 22, 112, -217, -169 )
( 158, -100, 209, -322 )
( -145, -218, -231, 161, 316 )
( -147, 187, -63, -112, -123 )
( -183, -280, 2, 186, 245 )
( -100, 74, -31, 155, 139, -47, 97 )
( 105, -294, -147, 99, 260, 157, -182, 298 )
( -66, 130, 42, 52, -16, 17, 121, 25 )
( 35, -116, 248, 16 )
( -116, -173, -195, 54, 245, 67 )
( 1 )
( -11, -17, 191, 60, -81, -68 )
( -294, 187, -92, -37 )
( -121, -15, -329, 29, 141, -185, 228, 78, 109 )
( -164, 24, 166, 254, -245, 148 )
( -29, -30 )
( -1 )
( -271, -336, 53 )
( -244, -75, 117, -274, -15, 82, -28, 16 )
( 311, 164, 76, -44, -88, -78 )
( -290, 66, 124, -76, -88, -54, -187, 345, -356 )
( -228, 183, -91, -87, 105, -120, -232 )
( 80, -62, 187, -68, 172, -13, 197, -10, -29 )
( -74, -4, -150, 109, 63, 95, -1, -24 )
( -1 )
( -214, -271, -3, -76, -13 )
( -87, 207, 160, -53, 53, -246, 94 )
( 36, -171, 94, 99, -164, -322 )
( -82, -98, -9, 43, -103 )
( -158, -217, -117, 291, -365, -298, 162, 381 )
( 82, -41, -39, -67, 109, -150, 58, 70, -243, 49 )
( 35, 372, 37, -66 )
( -144, -33, -201, 26, 50, 50, -23, 47, 156, 23 )
( 0 )
( 123, -230, -254 )
( -40, 324, -99, 61, 208, 175, -20, 107, -110, -104 )
( -102, 79, 273, 18, -174, 198 )
( 52, 23, 158 )
( 330, 143, -57, 204, -101, -159 )
( 203, 24, -46, 162, 66, 40 )
( -51, 273, 382, 158, -288, -84, -2, -77, -85, 203 )
( 179, -30, -26, -83, 227, -71, -23, 2, 382, -76 )
( -21, 12, 214, -231, -14, 157, 131, 297 )
( -115, -12, -34, 158, 123, -64 )
( -100, 166, -148, 167 )
( -93, 7, -8 )
( 139, 62, -10, 7, 16 )
( -182, -170, 168, -186, -224, 223 )
( -214, -154, 199, -374 )
( -141, -219, 240, 84, -322 )
( -131, 127, -123, -58, -12, 58 )
( 0 )
( -65, 199 )
( 0 )
( -241, -321, -172, 162, -48, 4, -179, 191 )
( -64, -93, -19, -48, -197, 133, 224, -153, 4, 188 )
( 126, 138, 335, 22, -142, 368, -139, 39, 94 )
( -80, 83 )
( 31, 206, 43 )
( 11, -79, -12, 135, 55, -57, 34 )
( -373, -21, -128, -191, 35, -26, 93, 43 )
( -85, 142 )
( 222, 153, 362, 97, -114 )
( -199, 25, -67, 210, 118, -128, -180, 342 )
( -45, 16, 66, -32, 63 )
( 0 )
( -1, 8 )
( -1 )
( -5, -55, -22, 106, -110, 31, 211, -165 )
( -43, 49, 179, 192, 152, -74 )
( -304, -32, -65 )
( 1 )
( 227, 20, -74, 34, -224, -32 )
( 34, -168, -277, 110, -179, 97, 83, 32, 98, -125 )
( 128, -164, 43, -158, 281, -118, 323, -245 )
( 76, -23, -2, -181, 157, -8 )
( -223, 336, 133, 247, -203, -128, -31 )
( -287, -8, 57 )
( -333, -212, -87, 34, -18, -58, -148, 66, -258 )
( -83, -178, -3, 118, -5 )
( 47, 101, 4, -33, 121, -118, 15 )
( 269, 61, 87, 112, -19, -55 )
( 98, 8, 54, -29, 15, -59, 185, 108, 28 )
( 294, -29, 27, -48, 157, 223 )
( 157, -20, 131, -53 )
( -219, 263, -197, -2, 74 )
( 236, 181, 176, -109, -218, 238, -74 )
( -63, -67, 198, 298, 15, -146, 87 )
( 294, 244, -131, 109, -155 )
( -31, 296, -111, -57, 127, 349 )
( -98, -39, 11, 110, -196, -140 )
( 240, -51, 96, 70, 146, -1, 188 )
( 0 )
( -95, -164, -145, -49 )
( 1 )
( -6, -195, 60, -34 )
( 0 )
( 76, -121, 125, -43, 104, 72, -150, 372, -69, -97 )
( 1 )
( 59, 89, -260, 30, 101, -15, -182, -65, 228, 3 )
( 129, -86, -316, 205, 173 )
( 11, 39, -167, -40, 9 )
( 221, 146 )
( -34, -11, -35, 289, -131 )
( 41, -72, -77, -280, -209, 130, 80 )
( 197, 30, -27, 187, 210, 28, 13, 135, 245, 2 )
( 71, -112, 38, -220, -383 )
( -10, -73, -107 )
( 47, -47, -101 )
( -29, -16 )
( 180, 100, -161, 94 )
( -127, -102, -71, -96, 66 )
( 24, 166, -231 )
( -135, 47, -140, 61, 317, 55 )
( 146, -285, -293, 254, -57, -4 )
( 52, 59, -54, 71, 142, 215, -82, 339 )
( -164, 167, 92, 61 )
( 8, 218, 157, 64, -287, 67, -46, -319, -27 )
( 55, 111, -259 )
( 252, 37, -338, 234, 11, 118, -43, 12, -242 )
( -299, 12 )
( -163, -154, 332, 271, 124, 148, -79 )
( 65, -40, 14, -27, 138 )
( -176, 103, 1, 5 )
( -1 )
( -132, -218, 58, -173 )
( -227, 96, -57, 89 )
( 0 )
( -256, 183, -67, 18, -335, 133, -89, -150 )
( 58, -202, -161, 76, -180, -159, 229, -182 )
( -208, 33, -88, 227, -22, 166, -201 )
( -132, 139, 216, 85, 203, -283, -69 )
( 37, 306, -165 )
( -313, 131, -262, 203, -205, 18, -66, -43 )
( -63, 17, 52 )
( -18, -91, -297, 116, 189, -192, 279 )
( 296, -169, 231, 7, -350, 33, 206, -156, -79, -327 )
( -65, 130, 219, -9, 63, -158, 6, 194, 116, -16 )
( 176, 7 )
( 96, -56, -117 )
( 54, 163 )
( -349, 189, 147, 164, 17, -29, -3, 128, -183 )
( 69, 84, 15, 250, -130, -273, 64, 31, 168 )
( -18, -25 )
( -132, 119, -39, 210, -228, -205, -82, 260, 97 )
( -322, 157 )
( 27, -87, 32 )
( 113, 135, -141, -151, -189, 44, 19, 180 )
( -71, -64, -35 )
( -199, -136, 237, -61, 199, -82, -121, -277, -202, -77 )
( -2, 159, 167, 126, 0, 17, -105, -63, -50, -45 )
( -46, 191 )
( -1, 284, 94, 47, -2 )
( 0 )
( 226, -214, -49, -264 )
( 286, -368, 75, -86 )
( -236, 343, 45, -96 )
( -159, 117, 85, 68, -103, -197, -146, 246, 85, 39 )
( 2, -329, 49, -18, -191, -188 )
( 90, -99, 324, 24, 70 )
( -265, 12, -48, -39, 44, -260, -167 )
( -30, -82, 33, -259, -159, 132 )
( 158, 7, 240, 166 )
( -25, -139, -44, 151, -64 )
( 22, 150, -106, -21, 38, 58, 89, -174 )
( -125, 189, 182 )
( -193, 45, -87, -358, -34 )
( -1 )
( 130, 13, -309, -347, 36, -61 )
( 145, 52, 227, 336, 81, -74 )
( 103, -10, 24, 201, -73 )
( -158, -22, 240, 120, 289 )
( 80, -208, 25, -148, 158 )
( 299, 76, 221, -196 )
( -99, 181, 68, -66, 231, 102, 149, -157 )
( -19, -23 )
( -272, -158, -70, -242, 47 )
( -71, -54 )
( -138, 149, 74 )
( -54, 253, 140, -36, -237, 17 )
( 2, 183, -270, 181, -269, 93, -72, 228, -301, 20 )
( -2, 3 )
( -132, 77, -285, 88, 39, -96 )
( -1, 3, -6 )
( 324, 124, -255, 36, -261, -167 )
( 24, 94, 15 )
( 234, -195, 87, -27, 10, 302, 133, 54 )
( 6, 51, -178, -265 )
( 13, 36, -5 )
( -58, 67 )
( 0 )
( -126, -3, 55, -13, -57, -20, -116, 14 )
( 0 )
( -76, -132, -229, 140, 45, 117 )
( -158, 355, -251, -205, 51, -253, 118, -273 )
( 71, -104, 307, 112, 198, 323, -240, -105 )
( -23, 36 )
( 239, 116, -219, 130, 5, 237, -87, 147 )
( 80, -256, -51, 249, -96, -192, -255, -80, -316 )
( 17, -310, -226, -262, -11, -7, -45, -93 )
( 241, 127, 33, 308, -52 )
( 42, -29 )
( 285, -158, -16, -34, 174, 171, -91 )
( -111, -47 )
( 51, 214, -112, 2, -230, -99 )
( 65, 65, -66, 206, -35, -36, -309, 161 )
( 20, -117, -42, 18, 92 )
( -173, -2, -38, 1, -30, 33, 310, 219, 24 )
( -218, 157, -51, 56, 207, 133, -143, -292, -220 )
( -177, -28, -8, 172 )
( -105, -84, 4, 41, 83, 165, 174, 244, -10, 114 )
( -1 )
( 169, -46 )
( -93, -91, -268, -153, -269, 78, -70, 163, -174, 43 )
( 95, -222, -69, -113, -239, -54, -39, -80, 75, 63 )
( -67, 203, -95, 20, 18, -229 )
( 365, 269, -12, -67, -159, -85, -133, 290, 55 )
( 83, 263, -50, 16, 51 )
( -77, -145, 149, -296, 38, 37 )
( -183, -191, -196, 243, -191, -79 )
( 249, 223, -99, -90, -8, 24, 209, -166, -128, 355 )
( 303, -176 )
( 191, 203, -199 )
( -62, 161, -194, 246, -61, -110 )
( 0 )
( -187, 57, 94, -16, 15, 129 )
( 287, 162, 96, 193, -32 )
( 86, -198, -177, 203, -317, -155, -102, 196, -49 )
( -148, -155, 181 )
( 242, -6, -108, 361, -271, 57, -170, -88 )
( -31, -26 )
( 144, -141, -235, -201, -5 )
( 16, -95, 204, 175, 276, -69, -372, 26, 31, -34 )
( -104, 159, 65 )
( -54, 155, -49, -108 )
( -55, 25, 58, -90, -177, 249, -19 )
( 6, 6, -98, 107, 158 )
( 31, -3, 88, -22, 143, -201, -85, 181, -38, 172 )
( -275, -132, -27, -81, 149, 164, -35 )
( 2, -115 )
( -104, -97, 217, -89, -133, 218 )
( 23, 138, -308, -6, 210, 215, 298, 69 )
( -1 )
( -3, 90, -61, 132, 20, 89, 296, -114, -316 )
( 89, -100, 40, 246, 66, -152 )
( 56, -267, 134, -135, -70, 15, -68, 101 )
( 7, 41, -33, 372, -21, 175, 149 )
( 35, -78, 71 )
( 6, -1 )
( -348, -298, -63, -21, 244 )
( 191, 250, -103, 319, 85, 177, -19, 329 )
( 69, -86, -221, 69, -301, -163, -145, -50, -18 )
( 95, -71, 217, -201, 211, 339, -135, 257, -179 )
( 299, -238, 230, -292, 197, -32, 291 )
( -10, 98, 8, -284, -257, -201, -325, -135 )
( -55, -41 )
( 90, -150, 235, -112, 223 )
( 303, -21, -69, 40, 137, -199, -135, 30, 272 )
( -60, 50, 137, -132, 88, -192 )
( 202, -143, -72, 39 )
( 114, -38, -11 )
( -356, -28, -145, -261, 177, -39, 169, -70 )
( 137, -37, -271, 347, 10 )
( -18, -13 )
( 1 )
( 1 )
( 112, -280, 267, 118 )
( 182, 117, 225, 277 )
( 308, -58, -188, 197, -90 )
( 251, -154, 128, -252, 225, -74, -83 )
( -90, -160, -74, 8, -45, 274, 8, -166, -14, -215 )
( -207, -245, 62, -114, -33, 3, 204, -258, -78, 246 )
( -3, 9, -4, -24, -188, -126 )
( 169, -188, -291, 248, 176, -186, 167, 1 )
( -11, 75 )
( -6, 11, 8, -135, -9, -50, -16, -168, 110 )
( 0 )
( -28, -17, 196, 33 )
( -75, 232, -24, -390, -338, 11, 245, 275 )
( -35, -101, 10, 66 )
( -35, -95, 187, 112, 189, -20, -333, 227, -123, -134 )
( -118, -292, 322, -139, -72, -74, -152, 18, 323 )
( -257, -171, 311, -254, 23, 35, -1, -214, 79 )
( 61, -118, 213, 97, -107, -187, -151, -90, -224 )
( -65, 138, 44, -267, 210, -140, 42 )
( -257, 57, -174, -7, 125, -168, -248, 329 )
( -54, -14, -61, 40 )
( -253, -99, 159, 205 )
( -33, -71 )
( -127, -328, 194, -36, -287 )
( 29, -18 )
( 149, 353, -28, 170 )
( 1 )
( 220, -101, 23, 161, 60, -114, -6, 103, 97 )
( 244, 249, -238, -132, 163, -40 )
( 0 )
( 22, 81, -11, 105, -230 )
( 194, 5, 39 )
( 28, 178, -38, 33 )
( -29, 70, -26, -179, 281, -27, 41 )
( -96, -22, 244, 274, -5, 111, 124, -91 )
( -44, -194, 168, -103, 224, -147, 4, -29, 148 )
( -92, 121, -151, -169, 74 )
( 240, -53, 88, 165, 189, 203, 210, -130 )
( -113, -155, -43, 155, -39, -117, -192, 198, -20 )
( -54, -96, 239, 88, 221, 361, -140, -142 )
( -163, 103, -318, 8, 57, -134, 296, -56, 73 )
( -179, 12, -242, 164 )
( 13, 95, -338, -200, -14, -100 )
( 19, 157, -227 )
( 70, 3, 23, -114, 312, 314, -196, 311, -50, -68 )
( 64, -221, 69 )
( 56, -117, 84, 313, 164, -66, 312, -87, -45 )
( 141, 226, -21, -132, -57 )
( 0 )
( 73, 96, 68, -49, -142, -40, -175, 282, -200, 10 )
( -24, 2, -188, 170, 178, -104, 14, -86, 188, -261 )
( -34, -75, 63, 135 )
( 149, -20, 95, -65, 203, 256, 155, 135, 112, 149 )
( -71, 276, 77 )
( 34, 129, -46, -42, -117, 79, -2 )
( 6, -23 )
( -4, 30, -59 )
( -290, -48, -49, 7, 67, 169, -129, 89, 86, 336 )
( 103, -145, -65, 81, 93, -6, 191, -88, 183, -44 )
( 100, -52, 102, -117, 232, -45, 288, -19, -48, -128 )
( -12, 89, 77, -93 )
( 1 )
( -46, 76, 37 )
( 68, -49, -79, 46, -97 )
( 79, 34, -76, -46, -215, -65, 328, -164 )
( 339, -24, 120, -316, 154, -200, 94 )
( -191, -60, 52, 273 )
( -197, -165, 63, 29, -214, -282, 288, -77, 142 )
( -1 )
( -229, -33, 124, 189, -262, 202, 114, 154, -221 )
( 174, 25, 23, -36, 206, 56 )
( -9, -388, 68, 247, -74, -54, -161 )
( 76, -144, 53, 190, -78, 2, 163 )
( 1 )
( -151, -30, -221, 32 )
( -1 )
( -275, 111, -128, 120 )
( 106, -113, 85, 153, 314, -184, 41, 52 )
( 1, -38, 198, 77, 52, 100, -381, 111, 99, -42 )
( 143, -43, -140, -238, -95, 205, 60, 336 )
( 182, 278, -22, 15, -261, -114, 34, 177, -73 )
( -19, -50 )
( -22, -130, 29 )
( 81, -387, -190, 118, -80, 266, 171, -25, -96, -196 )
( -234, -319, 104, -270, -218 )
( 38, 142, -100, -278, -96, 138, -27, 63 )
( -37, 168 )
( -276, -43, 270, -139, -179 )
( -117, -163, -350, 306, -171 )
( -277, -151, -38 )
( 251, -144, -47, 125, -279 )
( 1 )
( -1 )
( -35, 1 )
( -67, -42, -3 )
( -37, 343, 26, -55, 237, 135 )
( -243, 149, -51, 82, 62 )
( -246, 277, 150, 255, -250, -214, -62, -133, 205, 210 )
( 168, 333, 62, -258 )
( 55, -102, 227, 14, -158, -194, 38, -14, -273 )
( -1 )
( -89, 114, -80, -72, -175, 1, -18, 126 )
( -84, -280, -84, 6, -48, 173 )
( -203, 381, 29, -383, -6, -172, -158 )
( 126, 42, -72, 23, 117, 294, 17, -71, 119, 55 )
( 174, -123, 78, 149, -98, -101, -46 )
( -335, 48, -134, -127, -164, 154 )
( 48, -244, -301, 230, 42, 211, 7, -268, 55 )
( -299, -49, 41 )
( 143, -205, -20, -189, -21, -60, -281, 247, 116, -386 )
( -150, 51, 179 )
( 37, 310, 147, -179, 19, 125 )
( -22, 222, 2, 89, -24, -27, -92 )
( -102, 35, -251, -9, -299, 92, -84 )
( -207, 205, 101 )
( 0 )
( 61, 23, -36, -112, 83, -59, 144, 77 )
( 75, -151, 6, -176, -12, 35, -151, 64, 187, 338 )
( 228, -103, -177 )
( 142, -267, -36, 46, 99, -257, 43, -234, 47, -109 )
( 256, 95, 68, 79 )
( -1 )
( -22, -258, -123 )
( 80, 164, 183, 273, -216, 203, 4 )
( 150, 141, -113, 243, 143 )
( 313, 136, 370, -14, -3, -130, 5, 141, -301 )
( 323, 106, -44, -105 )
( 179, 162, 79, 82, -57, -31 )
( 186, -185 )
( 105, -83, 366, 208, 110, -236, -246, 65, 142 )
( 230, 80, -102, -72, -83, -346 )
( -279, -57, 115, 98, 261, 64, -133, 261, -167 )
( 35, -35, 281, -327, -144, -114, 134, -99, -9 )
( 0 )
( -13, -234, -153, 80, 184 )
( 212, -345, -241, 60, 98, -43 )
( 18, -1, -23, 13, 119, 12, -15, -116 )
( -242, -33, 11, -153 )
( -1 )
( 109, 44, 43, 119, -214, -339 )
( -84, 49, -126, -354, -184, -233, 98, 134, -367 )
( -190, -242, -241, 70, -175 )
( -28, -41, -8 )
( 115, -103 )
( -109, -154, 162, 31, 76, -94, 278, 85, -21, 140 )
( 17, -6 )
( -208, -151, -29, -133, 112, -58 )
( 99, 15, -268, -150, 67, 65, 33, -283 )
( 109, 183, -137, 281, 329, 114, -103 )
( 37, -78, 227, 22 )
( 37, -271, 99, -40, -255, 99, 162, 33, -113, 81 )
( -56, -18, 48, 28, -135, -99, -231, -51 )
( 72, 202, 128, -169, 104 )
( -71, 193, -135, -19, -196, 57, -16, -148, -113, 6 )
( 340, 28, 57, -98 )
( -161, -127 )
( 2, -3 )
( 211, -122, -29, 35, 61, -95, -153 )
( 10, 51, 8 )
( 352, 134, 55, 110, -31, -68, -177 )
( -82, -45, -104, -177, 159, 79 )
( 298, -119, 40, 112, -8, -105 )
( 276, 81, -305, -198, -51, 8 )
( -302, 43, 24, 35, -198, -92, 86 )
( 74, -13, -64, 47, 287, 120, 96, 100, 61, -161 )
( 51, 108, 105, -138, 125, 7, -46, -243, -85 )
( -202, -25, 2, 211, 116, -126, 277, -175, 43 )
( 0 )
( 27, 160, 3, -111, -69, -66, -202, 174 )
( -296, 160, -318, 356, 225, -166, -182, 293, -158 )
( 111, 23, -54, 306 )
( -87, 264, 115, 68, -121, 277, -77, 115, 48, -92 )
( 19, 159, -167, -73 )
( -137, 72, -125, -178, 42 )
( -11, -122, -8, 97 )
( 30, 53, -223, -87, 202, 3, 191, -192, 92 )
( 58, 132, -193, 56, 138 )
( 272, -73, 27, -121 )
( 5, -81 )
( -21, -9, 161, 173, 245 )
( 23, -35, -132, 35 )
( 61, -69, 69 )
( 31, -76, 54 )
( -178, 36, -252, 224, -126, -1, -63, -7 )
( -192, 58, -85, 21, 45, 132, 175, 320 )
( -19, -36, 162 )
( -55, -8, -60 )
( -277, -116, 41, -159, -137, 29, -217, 51, 40, 108 )
( -19, 41, 121 )
( -211, 111, -172, -60, 308, 184, -81 )
( 87, -183, -27, -74, -205, -34 )
( -74, -40, 125, -119 )
( 21, 319, 14, 75 )
( -287, 30, 253, -183, -69, 140, -55, 137, -80, -168 )
( -50, 123, 89, 309, -249 )
( 39, 55, -62, 162 )
( 129, -8, 170, 192, 7 )
( -34, -7, -21, 87, 285, -157, -68, -245 )
( 0 )
( -109, 134, -154, 234, -265, 88, -324, 49, 30, -62 )
( -39, -77, 62 )
( 0 )
( 205, -108, 49, 162, -230, 129, -20, -256 )
( -6, -53 )
( 41, 169 )
( -161, -32, -166, -2 )
( 0 )
( 167, 141, -87, 189, 245 )
( -77, 185, 115, -83, -89, -180, -123, -102, -103, -59 )
( 86, 213, 35, 229, -108 )
( 45, 19, 213, -137, -347, -63 )
( -1 )
( 1 )
( -7, -40 )
( -54, 82, 32, 3 )
( 78, -341, -54, 166, 125, -107, -131, 370, -157, -32 )
( 1 )
( 27, -280, -234, -152, 282, 80, 153, 377, -295 )
( -107, 123, -35, -184, -235, -19, 99, -224, 19 )
( 79, -194, -172, -131, 151, 51, -22, -13, 70 )
( 39, -27, 180, 62 )
( 160, -126, -145, 254, 43, 23, 207 )
( -10, 114, -119, 130, -60, 74 )
( 258, -361, 16, -49, 44, -150, 179, -1, 295 )
( -87, 0, 133, 201, -200, 79, 255, 111, -54 )
( -91, 58, 295, 101, 56, -330 )
( -246, 45, 211, -162, -153, -27 )
( 169, 13, 31, 12, -84, -230 )
( -160, -151, -50, 286, -196, 4, -51 )
( -63, 95, 120, -116, -331, 96, -128, 305 )
( 128, 48, -93, 93, 119, -47, 19, 266 )
( -42, 113, 123, -289, 96, 228 )
( 245, -75, -102 )
( 84, 11, 201, 67, -48 )
( -30, -87, 87, 80, 194, 0, 119 )
( 7, -6 )
( 186, 137, 10, -38, 216, 325, 18, -3, -10, 22 )
( -50, 170, -143, -338, -194, -7 )
( -96, -350, 179, 42 )
( -122, -62, -240, -73, 41, -18 )
( 2, 86, 22, 29, -100, -14, 222, 91 )
( 157, -44, -230, -104, -231 )
( 227, 8, -129, 203, -295, -135, -72, 195 )
( 0 )
( -1 )
( 1 )
( -204, -29 )
( -1 )
( 44, -45, 130, -294 )
( 50, -356, 293, 134, -144, 134, -109, 161 )
( -37, 70, -24 )
( 233, -74, -303, 236, -331, -366, 173 )
( 62, 36, -154, 170, 355 )
( -62, 76, -228, 294, 250, -248, 204, 7 )
( 19, -236, -28, -104, -185, 5 )
( -28, 20, -110, -138, -161, 187, -5, -300, 148, -4 )
( 92, 97, -58, -26, -241, 127, -134 )
( 38, -258, 47, 193, 88, -144, -5, 31, -20 )
( -202, -185, 103, 14, 7, 209, -247, 31, -70, 13 )
( 25, -61, -196, 30 )
( -83, 51, 69, -190, -110 )
( 26, -32, -21 )
( 225, -37, 1, 165, -44 )
( 1 )
( -187, 282, 219, -180, 230, 156, -49, 272 )
( 1 )
( -308, 86, -14, -32, -223, -185, 123, -91, 5, -279 )
( 29, -248, -117, 70 )
( 144, -52, -103, 0, 42 )
( -198, 38, -144, -274, 173, -89, -61, 344 )
( 115, -10, 161 )
( 115, -85, -121, -319, -29, -345, -68, -241, 37 )
( -245, 179, 119, 111, 29, -199 )
( 1 )
( 4, 310, 95 )
( 107, 205, 233 )
( 155, 135, -205, -35, 128, 65, -79, -3, 17 )
( -277, 265, 7 )
( 311, 222, 102, -52, -245, -35, 92, 143 )
( 61, 18, 156, 91 )
( 32, 145, -49 )
( 81, -162, 0, 177, -234, 71, -34 )
( 24, -303, 322, -137, 22, 150 )
( 12, -141, 147, -73, 192, 278, -153, -38, -143 )
( 245, 242, -126, 124, 154, 15, 184, 153, -230 )
( -62, 60, 163 )
( -189, -51, -41, 230, -40, -111, 193, -51, -155 )
( -20, 18, -51 )
( -217, -184, 134, -1, 104, -83, 180, -107, -134 )
( -203, 100 )
( 0 )
( 0 )
( 1 )
( 0 )
( -344, 172, -121, -80, 177, 383 )
( 1 )
( 96, -181, 14, 34, -219 )
( 95, -50, 13, -1 )
( 47, -68 )
( 280, 15, 135, -205, 122, -88 )
( -108, 47, -187, -149, 164, -248, -118, -89, 194 )
( 148, 37, -381, 194, -209 )
( -139, -137 )
( -38, -59, 11, -9, 311, 33 )
( -263, 63, 139, 86, 333, -158, -340, 126 )
( -14, -280, 89, 291, 250, 8, -49, 48, -22, 64 )
( 105, -83 )
( 67, -312, 39, 160, -218 )
( 0 )
( 131, 91, -154, -206, -19, -53, -100 )
( 359, 105, 240 )
( -55, 79 )
( 369, 198, 96, 242, -55, -189, 49, 186 )
( 54, 151, 191, -133 )
( -56, -68, 228, -11, -224, 305, 126, -112, 73, -57 )
( -145, 58, -336 )
( 293, 363, -31, -4, -173 )
( -282, -325, -66, 271, 111, -189 )
( -69, -179, -167, 67, 74, -52 )
( 77, 89, 11, -8, -98, 264, -66 )
( 82, 298, -173, -260, -202, 385, -86 )
( -49, -206, -97 )
( 63, -14, 310, -233, 46 )
( 43, -13, -266, 251, 33, 233, -19, -141, -254 )
( 21, -193 )
( -322, 74, 258, 102, 43, 244, -85 )
( 215, -106, 27 )
( 187, -71, -157, -271, 134, 140, 90, -198, -214 )
( 184, -55, 58, 122, -154 )
( -129, -41, 228, 189, 161, 307, 213, 150 )
( 113, -180, -50, 85, 86, 273, -49 )
( 58, -84, -147, 134, -345, 161, -55, -49, 26 )
( -65, -42, -94, 158, -55, -118 )
( 131072 )
( 52, -9, -67 )
( -307, -20, -156 )
( -133, 28, 185, 192, -53 )
( -242, -118, 23, -70 )
( 21, 110, 126, -397, -10, -57, 57, -352 )
( 70, 21, 113, -211, -284, 38, 176, -213, -101 )
( 26, 23, 241, -35, -309 )
( -39, 11, 25 )
( -198, 22, 65, -92, 32, 117, -25, 129 )
( -179, 124, 48, -1, -173, 89, -156 )
( -11, -243, -191, 2, -96, -98, 110 )
( 176, -80, -170, 77, 199, -125, -32, -224 )
( 150, -77, -127, -184, -83 )
( 29, -208, 35, 109, 19, 101, 227, 135, -107, -19 )
( 93, 226, 38, 101, -353, -103, -14, -200, -10, 42 )
( -38, 280, -139, 136, 13, -6, 38, -19, 79, 36 )
( 31, 28, -151, 275, -62, -84, 358 )
( 188, -382, -29, -45, -209, 20, 98, -72, -149, 54 )
( -13, 28, -170, 101 )
( 11, 38, 129 )
( -10, 118, -227, 190, -320, 96, -154 )
( 258, 381, 110, -286, 47, -98, -93, 106 )
( 4, -5 )
( -182, 50, 27, -193, 172, -32 )
( 30, 55, 97, 47 )
( 0 )
( 126, 289, -131, 117 )
( -36, -206, 44, 48, -69, 136 )
( -212, -205, -116 )
( 37, 203, 80, -170 )
( 301, -46, 266, 39, -59 )
( -1 )
( -144, -35, 117 )
( -29, 191, -23, 261, 118 )
( -294, -229, 40, 250, -220, -285, 144, 63, 254, 346 )
( -104, -38, -113, 132, -76, 230, -14 )
( 0 )
( -301, -16, 108, 51, 153, 151, 189, -51, -35 )
( -1 )
( 235, -42, -43, -336, -36, 142, -268, -96, -58 )
( 1 )
( -274, 21, -240, -294, -6, 334, 118, -115, -200, -82 )
( 2, 341, 61, 94, -103, 159, -250, 128, 184 )
( -101, 194, -6, -171, -110, 40, 276 )
( -50, 377, -120, 74, 175 )
( -132, -83 )
( -17, 286, -160, -96, -58, -176, -5, 5 )
( -127, 14 )
( 39, -151, 2, 82, -127 )
( 206, 43, 49, -203, -246, 28, -75 )
( -198, -57, -148, -96, -251 )
( -91, 310, -163, 116, 64 )
( 275, 345, -228, -142, 1, -157, -36, 112 )
( -149, -98, -2, 44, -17, -113, -59, 51 )
( 250, -152, 142, -83, -27 )
( 296, -198, -158, 13, -100, 229, -135, -74, 28 )
( 15, -184, 23, 27 )
( -87, 6, 323, 16, -223 )
( 27, 16, -258, -185, -184, -37, 134, 70 )
( -71, 24, 96, -179 )
( -281, -296, -243 )
( 360, -68, 116, -192, 92, -145, 1, 179, -176, 237 )
( 22, -54, 79, 163 )
( 90, -30, -11, 122 )
( -46, -20, 45 )
( 226, 111, -96, 155, -14, -19, -78, 48 )
( -44, 102, 47, 228, -185, 214, 279, -75, -132 )
( 82, -49, -43, 231, -257, 1, 62, 19, 110 )
( -245, -93, -32, -185, 360, -110, -63, -96 )
( -94, -274, -7 )
( 145, -41, -313, -110, -56, 269, 175, -86 )
( -177, 218, 313, -84, -110, -107, -10, -358, -172, -16 )
( 40, 100, -50, 3, -149, 29, -222 )
( 23, 11 )
( 55, -3, -283, -19, -273, -149, -238 )
( -109, 0, 53, 121, -291 )
( 145, -54, 66, 105, 239, 65, -271, -292, -221 )
( 75, -113, -24, -165, 22, 24, -328, -8 )
( -183, -310, 231, 270, -94, -198, 38, -98 )
( 0 )
( -1 )
( 292, -54, -26, 19, 104 )
( 170, -164, 99, 256, -41, -20, -1, 147, -60, -21 )
( -229, -144, -18, 295 )
( 247, -258, -112 )
( 102, 221, 168, 26 )
( 47, 134, 145, 7 )
( -178, 347, -8, -1, -94, -155, -176, -173 )
( 10, 16, -59 )
( 181, -83 )
( -1 )
( -167, 53, -119, 20, 46, -130, 32, -139, 226, 281 )
( -130, 13, -21, 15, 84, 32, 27, 66, -280, -198 )
( -187, -84, 231, 76, 232, -35, 131 )
( -255, 201, 210, 102, 32 )
( -96, -11, 61, -86, 179, -170, -174, 20 )
( 179, 122, -65, -34, -57, -185 )
( -12, 263, -216, 42, 84, 129, 59, -318 )
( -15, 28, 97, 17, 11, -12, -168, 154 )
( 230, 130, 276, -238, 77 )
( 134, 137 )
( -60, 147, -82, -20, -89, -117, 20 )
( 117, 201, -154, 145, -396, 190 )
( 1 )
( -314, -86, 157, -59, -165 )
( -391, -7, 145, 90, -34, -83, 216 )
( -227, 139, -207, -143, -12 )
( 0 )
( 155, -58, -166, -32, 175, -34, -142, -28, -229 )
( -63, 40, -29, 94, 13, 283, 287, -84, 129 )
( 342, 117, -14, 52, 133, -164 )
( -133, -147, -28, 169, -15, -129 )
( -6, -93, 9, -185, -200, -241, -192, 109 )
( -70, -68, -108, -71, 12, 33, 133 )
( 41, -3, -61, 77, 190, -67, 96, 168, -130, -103 )
( 97, 60, 39, 91, -7, -47, -268, 185, -307 )
( 110, 285, -46, 33, 275, 43, -229 )
( 213, 3, -35, -176, 45 )
( 146, -224, 21, -60, 48, -221, -209 )
( -5, 1 )
( -200, 23 )
( -207, -141, -34, 5, 152, -22, -63 )
( -143, -98 )
( 120, -271, -178, -21, 49, 43, -109, 248, 168, -24 )
( 119, -82, -23 )
( 6, -180, -42, 11, 33, -14 )
( 10, 35, -12, 56 )
( -72, -229, 339, -160, -284, 32, -144 )
( 203, -109, 90, -338 )
( -211, -154, -23, -36, -248, 30, 291, 246, -122 )
( 1 )
( 166, 133, 67, 168, 126, 99, 328, 48 )
( -48, -185, 10, 112 )
( -103, 161, -6, -96, 157, 165, -84 )
( 124, -257 )
( -104, 159, -4, -231, -165, 135, 222, 9, -174, -51 )
( 80, 277, 9, 209, -150, 161, 330 )
( 262, 11, -136, -71, -124, 153, -27, 22 )
( 162, -86, -289, -119, 133 )
( 322, -212, -185, 2, 23, -73, -105 )
( 180, -236, 165, 204, 258, -164, -85, 74 )
( 52, -33, -113, -159, 147, -18, 219, 226 )
( -32, -38, -42, 109, -65 )
( 27, -357, 55, 48, -391, -303, 264 )
( -36, -114, 0, 7, 45, -48, 42, -72 )
( -154, -45 )
( 115, -57, 34 )
( 7, -25, -24 )
( -1, 223, 10 )
( 44, -333, 89, 130, -52, 225, 189, 154 )
( -48, 224, -2, -210, -76, 302, -45, 61, -67, -340 )
( 74, 69, 72, -3, -157, 238 )
( -188, 125 )
( 18, -117, 20, 179, 87, 46, 78, -5 )
( 37, 68, 68, -270, -36, 92, -259, 87, -96, 119 )
( 82, -52, 35, -18, -52, 46, 222, -74, 27 )
( -228, -175 )
( 29, 48, -188, -181, -222, 49, 97, 39, 29 )
( -36, 222, 21, -205, -96, -13, -126, -102, 147 )
( 203, 69, 30, 185, -168 )
( 37, 32, 377, -26, -183, -251, -43, -298, 77, -180 )
( 39, -136, -220, -211, 269, 81, 188, 72, 105, 234 )
( 4, -210, -315, -9, -50, 206, 64, -174, 77 )
( -199, -116, -216, 64, -2, -109, -171 )
( -88, 155, -140, -137, -217, -91, 261 )
( 213, 226, -215, 188 )
( -120, 29, 82, 145, -86, 51, -66, -143, 4, -77 )
( -2, 1 )
( 21, -8 )
( 218, 94, -103, 231, -203, -37 )
( 60, 89, 314, -350, -218, 2 )
( -51, 35 )
( -388, -29, 121, -167 )
( -1 )
( 0 )
( 254, -76, 149, 32, -35, 203, 269, 243, 37 )
( -15, 13, 25, -175, -316, -72, -74, -149, 80 )
( -89, -286, 39, -146 )
( -96, -25, -21, -121, 94, -63 )
( -27, -28, -312, -69, -152, 58, 233, 219, 182 )
( 32, 2, -75, 101, -129 )
( 64, -153, 212, 119, -46, 309, -21, -37, 120 )
( -273, 207, -38, 10 )
( 98, 82, -60, 99, -188, 142, 190, -79 )
( -118, -289, 156, 77, -11, 25 )
( 157, -88, -153, 20 )
( -28, -204, -125, -166 )
( 11, -30, -25, 236 )
( 4, -60, 19, -337, -1, 294, -167, 311, 194, 20 )
( 164, -175 )
( 151, 114, -236, 7, 48, -56, 134, 246 )
( -56, -53 )
( -228, -383, -63 )
( -48, -126, 157, -38, 173, 178, 71 )
( 220, 5, 102, 298, -190, 187, -144, -21 )
( 213, -351, -1, -154, 172, 59 )
( -213, 153, -27, -52 )
( 55, 121, -67, -171, -77, 21, -232, -275, 144, 57 )
( -19, -238, 101, 106, -61, -121 )
( 150, -24, 170, -179 )
( -304, 31, 211, -332, -162, -187, -135, -90, -172, 200 )
( -101, -98, -75, 344, 115, -104 )
( 167, 174, -125, 68, -119, 22, 170 )
( 3, -5 )
( -104, 384, -338, 30, -282, 142, 35 )
( 1 )
( 209, 13, 2, -23, -184 )
( 59, -62, -322, 58, 135, 140, 47, -122 )
( 181, 194, 154, 63, -257, 83, -74 )
( 127, 219, 294, 2, -167, -339, -31, -106, 134 )
( 154, 137 )
( -98, -54, -4, -11, -317, 87, -106, -137 )
( -146, -129, -16, -30, -231, -38, -83, -167 )
( -163, -216, 138, 332, 40, -25 )
( 16, -59 )
( -158, -152, 140, 1 )
( -135, -318, 242, -116, -320, -112, 63 )
( 265, 265, 193, 173, 45, -343, 271, 166 )
( -337, -1, -326, -32 )
( 193, -45, -50, 170, -95, -31, 89, 94 )
( 138, 104, 16, 179, 167, 2, 217, 305, -132, -333 )
( 87, 248, 14, -62, -209, -44, 81, 28, 191, -115 )
( -58, -337, -183, -89, -63, -235, 152, -177, 141, 2 )
( -151, 133, -3, -21, 52, 326, 180 )
( 84, -13, 137, -266, -315, 340, -159 )
( -122, -126, 340, 359, 190, 34, -49 )
( -1 )
( -81, -226, -153, -245, -60, -98, -106 )
( 77, 33, -309 )
( 228, 202, 207, 304, 31, 288 )
( -10, -130, 146, -213, 73, 260 )
( 238, 102, -63, -128, 36, 91, 264 )
( 259, 1, 116, -284, 186 )
( -36, 120, 44, 393, -48, -40, 144, 144 )
( 33, -25, 239, 238, -289, -175, 129, -77, 69, -211 )
( 0 )
( -9, -17, -337, -231, -231 )
( -63, 150, -253, -8, -46 )
( -362, 176, -133, 256, -169, -206 )
( 32, 115, 49, -100, 241 )
( 138, 125, 85, -58, 310, 204, -18, 160 )
( 2, 132, -270, 39, 129, -47 )
( -70, -49, -8, -3, -138, 20, 39, 37, -169, -234 )
( -249, 90, -103, -258, -271, -51, 368, 101, 325, 215 )
( 213, 141, -68, 147 )
( 167, 136 )
( 3, 78, -31, -140 )
( -31, 67, -43, 97, 4, 47 )
( -61, 29, 102, -95, -6, 97, -1, -254 )
( 210, -331, 159, -145, 59, 75, -117, 131, -104, -314 )
( 159, 19, 20, -143, -191, 368, -64, 138, 134 )
( 261, 160, 222, -295, -185, -34, -36, -228, 105, -116 )
( -1 )
( -231, -20, 122, 100, -182 )
( 12, -51, 190, 249, -43, -1, -48, -221 )
( -260, 217, -10, -344, -265, -23, 67, 3, 5 )
( -117, -95, 33, -3, -143, 48, -26, 117, 89, 112 )
( -159, -43, 217, 131, -29, 150, 40, -270, 198, 70 )
( -1, -155, 238, 27, -224, 65, 117, -7, -108, 155 )
( 215, -286, -92, -162, -139 )
( -189, 101, 80, 129, 59, 125, 26, 343, -11, -42 )
( -1, -11 )
( -130, 316, -110, -129, -218, 4, 125, -16 )
( -87, 91, 149, -148, -127, -89, 207, -106 )
( -170, 182, 157, -292, 78, -202, -167, -289, 72 )
( 325, -215, -43, -301, 12 )
( 154, 80, -189 )
( 1 )
( -273, -258, 46, 39, 105 )
( -1 )
( -262, 131, -10, -13, -118 )
( -105, -137, 49, -67, -2, 276, -161 )
( -213, -146 )
( 1, 49 )
( -126, -32, 253, 234 )
( -145, 9, -73 )
( -261, 84, -48, 110, 9, 184 )
( 1 )
( 203, -6, -22, -17, 5 )
( -138, -17, -19, -279, -11, 123 )
( -7, 30 )
( 16, -365, 266, -354, 380, -148, -22 )
( -108, 144, -235 )
( -79, 10, 19, 135, 147, -118, -89, -186 )
( -260, 177, 105, -194, 88, 305, -57, -183, -220 )
( 0 )
( 99, -184, -195, -185, -208, -71, -171, 314, -146 )
( -123, 34, -54 )
( 1 )
( 292, -199, 131, 306, -107, -8 )
( -89, 108, 214, 127 )
( -19, -110, -121, 126 )
( -351, -206 )
( 1, 278, -319, -76, 49, -95, -44, 231, 18, 262 )
( 54, 285, -179, -221, 8, 256, -99, 67 )
( -182, -81, -240, 106, -299, 63 )
( -1 )
( 199, -165, -81 )
( 76, 189, 103, 232 )
( -9, -4, -299, 11, 302, 143, -147, 315, -84 )
( 289, -66, -304, -48, -149, -24, -225, -10, 16, 106 )
( -8, 117, -40, 21 )
( 213, 35, -32, -235, 67, 5, 41, -162 )
( -74, -7, -148, -114, -30, -93 )
( -32, -233, -229, 181, 134, -225, -107, 276, -239 )
( 78, -285, -26, -47, -257, 145, 317, -18, -270 )
( 11, 27 )
( 31, 37, -75, -39, -261, 298, 166, 211, -60 )
( 78, -44, 33, -116, -331, -165, -62, -67 )
( -103, -55, -32, 182, 15 )
( 226, -27, 243, 14, -193, -169, -222, 216, -34, 16 )
( -216, -74, 328, 215, 230, 115, -67, 141 )
( 53, 88 )
