160|135
-80,-138,162,-78,-182,135|81,-93,48,-182,-159,181
-85,191,-173,-110|60,21,-57,79
125,191,85,84,-84,89,-162,98|-23,-44,128,-56,-43,163,15,-186
156,-24,-7,-170,-164,80,-34,-182|142,-57,-30,-7,-59,-113,153,102
-156,-111,-30,161,-91,184,189,81|-12,-5,-2,191,-105,-195,-38,96
6,173,-55,-117,198|133,19,-55,-5,-108
-161,31,-159,22|-35,-1,-63,-23
-23,-60|-14,-28
-55,-128,98,137|6,-26,-100,121
165,81,-63,113,-115,35,118,-103,86,8|58,-74,52,-9,-84,96,-67,70,-165,-123
30,100,76,-13,-167,-90,-117|78,-100,115,138,28,188,149
-35,94,34,192,-162,168,8,-108|63,-194,67,-82,137,184,-98,-116
133,156,98,114,157,-120,142,-153|-2,-158,-126,-86,55,-64,-11,31
-120|176
67,83,89,143,-156|47,14,-153,77,-58
77,51,-43,80|-94,173,126,-81
-199,-86,-35,-130,79,148,111,3,-132|106,-9,186,-164,142,135,103,-179,-59
8|11
-183,-119,-50,164|179,57,120,-50
37,-105,195,-63,145,-36|-137,-90,-161,45,-97,199
187,-191,-17,-169,-151,70,-87,114,117|-65,2,185,61,61,165,147,-161,-52
108,180,188|77,85,160
-103,67,57,140|-76,158,-1,138
-114,-115,-59|71,-19,92
-82,-83,47,-63,-145,31,-43|-116,164,-16,140,-188,-197,-145
-118,-193,18|-147,-77,-160
198,21,-11,-75|190,100,192,140
-79,-82,-120,-105,-76,-63,-133,84,-56|189,171,-62,37,53,-153,116,119,187
48,1,161,-127,77,-139,100,-46,87,166|-68,-54,-107,-97,149,-138,186,145,153,164
-81,-95,-153,199,-135,-107,53,-11,34,-116|179,199,-11,-65,-10,177,-1,189,-196,163
-21,-165|143,65
137,-200,-10|115,62,51
-54,-191,-168,-138|-134,28,-183,56
74,130,161,-28,77,-186|-125,84,-123,-168,121,-28
158,151|42,-30
-98,98|-134,-67
1,-45,85,143|-195,176,-161,100
71,-80,7,-30,-46,-177,43,173|99,-142,-170,87,173,-103,57,-128
-96,-115,186,-180,-3,145,104,36|-93,-51,-11,-20,68,-158,-39,-52
-147,1,55|170,-164,116
106|172
130,-12|4,-28
108,174,-156,139|123,-173,17,-104
-102,175,-22|141,-171,171
-125,-36,149,87,168|137,-178,156,38,197
-47,-54,17,61|-90,-56,56,-87
-62,16,69,200,168|54,-19,-197,61,-47
-35,-85|-94,5
-194,127|-100,-98
-126,-181,55,81,-195,82,148|117,-24,164,-63,45,-199,103
44,158,181,78,163,-171,177|172,-104,145,-172,-43,80,-12
76,97,-14,140,112,64,74,-75|149,71,-88,-159,-70,-25,-12,-37
-180,112,-165,-177,-180,-104,29,107,76|-3,23,-155,149,141,-21,12,126,-4
55,-35,-86,189,122|84,-137,85,143,-200
-168|17
-149,161,-135,-39,-60,-117,109,-77,165,120|-28,171,-125,134,-114,-29,-116,-83,188,190
197,174,-8|-10,68,-152
-158,110,0,-31,-141,96,-151|-86,-156,-39,-83,-175,-186,42
-151,-169,-42,69,-145,97,16,-118,-23|152,16,93,-109,22,163,-132,35,88
-68,149,118,-30,-115,180,-129,-88,106,9|146,20,-188,-181,-63,176,-28,198,161,-57
-106|-8
-154,-110,45,25,-89,-37|100,-169,-105,-152,69,-46
103,-77,6,-23|10,-118,-172,121
113|61
-154,-48,53,12,118|-43,-123,-123,78,194
-138,90,-17,108,185,147|-104,-93,169,-164,-50,-112
-68|188
-73,194,-70,-175,94,115|143,66,-145,-91,-179,95
51,-70,-21,32,194|-132,-23,-99,-184,-90
128,13,-48,-166,33,14,-81,-114,18,-112|144,-2,-89,-158,-57,-36,-130,-37,-199,-55
-10,61,-77,-181,-6,-142,189,126,123,-148|-95,82,-70,167,-163,-33,-9,-37,158,79
2,139,-181,-34,-128,-193,-61,-128|-59,-118,-160,-109,143,6,-51,-30
-55,44,180,-84|29,-104,106,18
-19|-104
14,-53,68,155|124,-169,-91,-90
194,131,72,23,189,-24,-149,15,-84,21|-5,-134,133,187,-123,175,-193,183,23,-156
-136,21,-77,198,-84,16|13,-78,-176,182,89,-115
47,68,-101,-175,187,197,-29,13,-31|166,-73,21,140,100,-95,-192,122,-131
-43,7,88|28,52,-113
5,113,185,7,-124,121|72,11,-98,40,46,50
161,28,175,3,25,147,77|-108,85,-25,-50,-6,141,-7
90|124
-29,3,-190|-132,-16,-197
-136,51,143,7|8,83,79,-130
21,-137|-118,-140
-167|28
82,-87,-80,172,88,67,-68,-91|113,-164,174,-95,-66,45,-149,-78
20,-18,54,-185|138,-82,155,-137
-10,-77,-64,170,127|-135,-141,-167,-9,189
-99,100,107,-189,61|-48,87,-170,77,-184
-151,-139,-98,181,173|-32,-141,100,5,72
-71,50,-29,38,170,-80,2|-29,24,-2,117,-31,33,95
-43,-184,-125,106,60,119,11,106|148,-110,-22,-7,200,38,-193,192
112,170,126,-41,-102,181,121,26|-178,-40,-84,93,86,-164,0,-1
49,79,145,10|-14,-195,103,6
-75,-137,-144,-119,176,-11|-41,-36,-51,173,69,78
38|17
89,-195,90,-79,-15,66|-100,178,101,139,-66,-134
-96,118,55,66|-198,69,-147,-103
-94,-5,-137,48,-40,-180,152,-88,10|-27,-10,-192,-19,181,-5,76,166,99
27,-72,139,193,-126,62|-191,96,27,61,-119,86
150,-93|-166,-89
-29|-188
-83,-161,93|-188,-175,-40
-122,-122,158,-167,142,-83,66,-145|-122,47,-41,-107,-157,165,-94,161
123,196,-38,58,1,4|188,-32,114,-102,-89,-82
-125,162,-10,-193,15,-162,11,152,-197|-165,-96,134,117,-103,108,-198,193,-159
-125,134,-183,-90,-44,-164,-193|-103,49,92,3,149,44,-39
72,132,8,-116,40,56,108,-113,-40|8,-194,179,48,132,-69,89,103,11
-25,-77,-179,165,54,39,48,-53|-98,146,58,-112,18,112,-98,58
-182|-39
-187,-137,-53,-79,149|-27,-134,50,3,-162
35,28,170,-155,89,-67,-100|-122,179,-10,102,-36,-179,194
200,-97,160,108,-127,-186|-164,-74,-66,-9,-37,-136
94,-67,-35,-136,39|-176,-31,26,179,-142
-157,-197,-30,171,-171,-131,137,187|-1,-20,-87,120,-194,-167,25,194
-30,157,-71,119,33,-175,179,162,-84,35|112,-198,32,-186,76,25,-121,-92,-159,14
-122,186,80,99|157,186,-43,-165
-95,8,-34,127,95,112,-186,38,67,144|-49,-41,-167,-101,-45,-62,163,9,89,-121
-95|192
-5,-109,-174|128,-121,-80
-49,178,-84,10,112,-6,-45,190,-22,23|9,146,-15,51,96,181,25,-83,-88,-127
-134,35,194,13,13,126|32,44,79,5,-187,72
59,-76,-33|-7,99,191
143,75,90,174,-170,14|187,68,-147,30,69,-173
128,4,-169,82,68,-141|75,20,123,80,-2,181
-102,156,195,41,-198,34,-184,76,-185,156|51,117,187,117,-90,-118,182,-153,100,47
171,-183,-91,29,102,-142,168,-30,183,113|8,153,65,-112,125,71,-191,32,199,-189
39,-103,106,-161,23,153,26,139|-60,115,108,-70,-37,4,105,158
-53,160,-73,154,149,-62|-62,-172,39,4,-26,-2
-88,123,16,167|-12,43,-164,0
-40,-41,-22|-106,96,28
-114,192,86,126,-22|196,-34,-53,-56,27
-199,-164,23,-87,-58,71|17,-6,145,-99,-166,152
-92,-61,77,-184|-122,-93,122,-190
-137,-176,156,4,-192|-4,-43,84,80,-130
-78,197,-173,-160,-147,-29|-53,-70,50,102,135,87
21|-49
-24,150|-61,174
-56|25
-101,-137,-53,38,-101,199,-128,18|-140,-184,-119,124,53,-195,-51,173
-153,-93,138,-190,-139,-61,162,-80,100,110|89,0,-157,142,-58,194,62,-73,-96,78
190,9,138,175,-79,183,44,-141,140|-64,129,197,-153,-63,185,-183,180,-46
93,64|-173,19
94,155,-106|-63,51,149
-117,-13,97,12,157,140,11|128,-66,-109,123,-102,-197,23
-200,126,44,-119,-43,150,-69,79|-173,-147,-172,-72,78,-176,162,-36
-59,135|-52,14
126,-21,181,0,64|96,174,181,97,-178
-136,70,-40,63,115,-184,-111,164|-63,-45,-27,147,3,56,-69,178
51,43,77,-134,126|-96,-27,-11,102,-63
27|-96
-57,-9|18,11
-172|-187
134,9,78,44,-142,-41,123,-174|-139,-64,-100,62,32,72,88,9
-17,104,167,134,28,-158|-26,-55,12,58,124,84
-157,87,113|-147,-119,-178
183|19
192,-92,-181,71,-59,115|35,112,107,-37,-165,-147
142,-149,-167,-47,-13,140,-113,-58,-97,-174|-108,-19,-110,157,-166,-43,196,90,195,49
-5,-190,183,-99,99,-88,135,-123|133,26,-140,-59,182,-30,188,-122
116,-176,69,-13,184,-136|-40,153,-71,-168,-27,128
-151,147,158,71,-12,69,-108|-72,189,-25,176,-191,-197,77
-125,1,34|-162,-9,23
-195,-121,72,-51,40,87,-136,61,-134|-138,-91,-159,85,-58,-145,-12,5,-124
132,-88,116,88,-200|-116,-156,-32,96,45
62,4,-22,-182,-76,34,-28|16,99,15,58,159,-135,29
133,180,148,77,-186,-106|136,-119,-61,35,167,51
199,104,49,-19,-70,-178,70,176,57|-101,-96,5,-10,85,119,115,-68,-29
116,-144,9,-58,4,68|178,115,18,10,153,155
61,-166,126,-44|96,146,5,-9
-85,106,-152,53,175|-134,157,-45,-55,-101
49,124,185,-99,-60,176,4|187,57,-9,-10,-158,62,-78
90,117,77,181,153,-135,147|-153,-184,121,117,-138,-11,-60
198,139,54,138,25|96,105,-185,-29,-180
-112,138,-122,85,30,151|81,158,11,-142,97,198
52,49,-128,199,-142,-109|-150,-88,139,-89,-54,-31
45,-74,103,-92,28,18,54|195,23,-7,162,118,-19,134
41|-65
97,-128,-63,-32|-192,-36,-82,-17
126|198
133,-182,56,24|-139,-13,4,-58
113|-195
128,20,48,-115,152,-64,-157,188,-152,-114|-52,-141,77,72,-48,136,7,184,83,17
60|129
1,62,-108,172,-81,112,-160,44,198,-173|58,27,-152,-142,182,-127,-22,-109,30,176
113,-39,-123,19,36|16,-47,-193,186,137
15,-35,-44,65,-65|-4,74,-123,-105,74
196,95|25,51
83,-94,-101,190,-124|-117,83,66,99,-7
123,-69,62,-146,-9,-34,56|-82,-3,-139,-134,-200,164,24
83,-164,93,35,63,-34,-125,29,125,161|114,194,-120,152,147,62,138,106,120,-159
-22,-146,-128,-116,-195|93,34,166,-104,-188
81,91,-99|-91,-164,-8
-48,4,-45|95,-51,-56
-93,-134|-81,38
92,-76,-132,-146|134,138,-95,167
-170,93,-170,-182,-119|43,-195,99,86,185
-84,0,-128|45,166,-199
-195,41,-78,98,148,184|60,6,-62,-37,169,-129
184,-98,-109,156,-70,114|-38,-187,-184,98,13,-118
85,-138,-40,-41,127,135,-38,150|-33,197,-14,112,15,80,-44,189
-140,160,-124,-130|-94,87,154,126
76,189,-8,136,-88,182,-59,-142,71|-68,29,165,-72,-199,-115,13,-177,-98
122,57,-141|-67,54,-118
165,193,-164,86,-169,127,88,154,-126|87,-156,-174,148,180,-9,-131,-142,-116
-184,-157|-115,169
-75,-186,171,116,50,162,91|-88,32,161,155,74,-14,-170
197,65,-142,-136,146|-67,-145,170,82,130
-33,22,117,36|-143,81,-116,-31
-45|-55
-170,-146,-7,8|38,-72,65,-181
-178,-58,-158,-91|-49,154,101,180
186|-162
-166,55,13,200,-164,-18,38,-32|-90,128,-80,-182,-171,151,-127,-118
143,-28,-157,12,-154,-191,155,-148|-85,-174,-4,64,-26,32,74,-34
-95,135,-147,60,160,200,-103|-113,-102,59,167,-182,-34,-98
-149,190,189,-80,137,-129,-154|17,-51,27,165,66,-154,85
-5,165,28|42,141,-193
-169,115,-134,54,-57,-173,87,-63|-144,16,-128,149,-148,191,-153,20
-76,-22,24|-50,56,80
-190,-152,-105,169,66,-44,165|172,61,-192,-53,123,-148,114
192,-59,156,-179,-151,197,35,13,29,-191|104,-110,75,186,-199,-164,171,-169,-108,-136
58,-28,154,20,27,-168,-137,22,-54,-70|-123,158,65,-29,36,10,143,172,170,54
-17,-101|193,108
45,-78,-193|51,22,76
51,32|3,131
-196,156,7,103,-72,157,-62,-8,-76|-153,33,140,61,89,-186,59,136,-107
-126,168,98,182,-78,-145,76,190,156|195,-84,-83,68,-52,-128,-12,-159,12
95,-154|-131,104
58,3,-8,150,-30,-62,-101,195,-46|-190,116,-31,60,-198,-143,19,65,143
-145,152|-177,5
18,-77,17|72,-194,94
102,-12,-17,44,8,-34,-12,-15|11,147,-124,-195,-197,78,31,195
-23,-101,-52|-190,-91,-53
-99,-39,136,-131,161,29,14,-183,-12,73|-100,-97,101,70,38,-111,-135,-94,-190,-150
-198,13,33,-51,102,127,-104,-114,112,-78|196,146,134,177,-102,-110,-1,51,-162,33
-29,175|-85,80
-2,119,99,147,141|1,165,-5,-100,-143
-1|21
119,-88,106,-191|107,-126,-155,-73
121,-186,-2,74|165,-182,77,-160
-79,178,112,-81|-157,165,-67,-15
2,41,-30,33,-135,-164,-52,162,85,170|-161,76,115,35,32,-33,-94,84,0,-131
181,-167,121,66,-59,-12|-179,-162,-72,-84,-132,-176
109,11,175,-112,69|-19,-110,149,136,1
-84,-34,-156,-120,128,-60,23|-181,46,108,81,-84,-200,-190
111,79,-152,-112,-100,111|-141,-161,185,-147,-59,21
187,-49,198,118|-58,112,84,96
-178,-107,28,-37,-40|153,-32,-72,188,-24
180,129,-29,147,-14,92,126,-48|-158,21,-77,-168,52,-34,-37,-126
-114,-6,133|-11,195,49
-134,87,-97,-168,-47|-59,-42,10,-190,13
-187|-39
-2,54,-163,-148,132,-177|132,-41,-146,-199,-96,116
7,167,93,177,152,86|138,-115,134,159,-71,-160
68,184,23,199,-95|35,-194,1,2,22
-188,60,135,117,160|30,-82,105,3,129
158,-125,8,-140,30|-78,-83,17,-8,128
153,167,158,-53|146,-91,63,-143
-57,32,-44,-196,46,4,127,-61|-42,149,112,130,185,98,22,-96
-165,-142|52,-168
-97,-39,-123,-128,60|-175,-119,53,-114,-13
-28,-50|-114,-58
59,146,-15|-197,3,89
-80,127,-4,-199,-120,87|26,126,144,163,-117,-70
-185,19,-91,60,-175,21,18,99,-123,159|187,164,-179,121,-94,72,-90,129,-178,-139
-110,194|-37,41
-81,5,-149,162,0,-2|-51,72,-136,-74,39,-94
-23,153,-51|10,-114,-27
198,19,-94,143,-96,-37|126,105,-161,-107,-165,-130
-108,105,-42|60,59,29
157,-59,64,58,-122,116,132,58,-127|77,-136,23,-85,132,186,1,-4,127
-91,173,-76,-157|97,-122,-102,-108
37,18,144|28,162,-169
39,1|-97,66
-17|172
-150,-20,155,62,8,69,-182,28|24,17,-100,-75,-65,-89,66,-14
-38|62
10,-195,-39,16,43,51|-86,63,-190,124,2,66
-155,155,-150,-5,45,-115,-25,-119|-3,200,-101,-200,6,-138,143,-154
176,2,124,125,106,152,-165,-103|-105,-106,183,-13,92,171,-75,-2
-12,35|-121,11
114,2,-73,-1,39,153,-190,5|125,114,-146,131,-34,84,103,142
-106,-145,-120,101,85,-118,-140,-112,-154|186,-111,69,148,-181,-74,-115,32,-162
166,-160,-54,-156,4,-59,148,69|-149,-150,-172,-106,-15,52,-193,-162
71,42,116,176,99|170,85,-83,132,-151
-67,-101|151,43
151,33,42,30,151,169,2|134,-191,-58,-64,23,2,-93
-110,-69|-7,154
91,124,-21,176,-179,-127|-40,90,-91,-174,-51,28
-13,-40,79,23,-196,-30,-176,165|78,105,-145,183,161,-6,-133,-4
-174,-152,-127,132,14|194,35,85,-114,78
-5,43,-145,107,152,169,126,169,-81|-168,-45,107,-106,-182,-136,184,50,105
-91,128,-48,138,177,-23,49,-178,-94|-127,29,-3,-82,30,156,-192,-114,-126
18,94,92,162|-186,-75,-54,91
-156,57,-33,-128,-2,52,85,198,-102,6|51,-141,37,169,85,113,89,46,92,108
-81|-79
138,57|123,-65
-26,-1,-123,-153,-167,189,87,0,-199,12|-67,-90,-145,0,-102,-111,-157,163,25,31
112,-65,-196,-82,-144,82,-89,-26,44,192|-17,-157,127,-31,-95,-136,50,-54,31,-129
82,79,-165,180,150,-95|-149,124,70,-160,-132,-134
171,132,21,-25,-63,-138,-149,116,129|194,137,-33,-42,-96,53,16,174,-74
-45,75,-158,-167,-136|128,188,108,183,187
-60,41,193,-121,21,-162|-17,-186,-44,-175,17,199
-127,-152,-34,115,-51,15|-56,-39,-162,128,-140,-94
144,94,96,-45,5,119,144,1,-56,191|105,129,-195,-45,-13,-95,65,-167,-72,164
142,-77|161,-99
46,21,-126|145,182,-73
2,67,-197,147,-118,-149|-64,94,3,99,57,39
-177|83
-75,-90,-99,53,-152,-39|-112,147,193,-69,167,168
131,-9,-33,184,-97|156,171,129,9,65
129,-155,-100,7,-126,-153,-42,8,19|-43,-43,-77,196,-191,-2,-60,188,-68
32,-189,54|-180,34,127
181,37,-132,180,-86,-44,-140,28|61,-43,24,181,-185,101,-30,-116
-200,130|-84,-130
74,-90,-84,-95,-2|70,-51,-151,-106,-3
8,31,6,155,185,44,-180,190,178,-31|8,-126,198,20,91,-113,-192,-164,-147,-3
-163,78,25|118,162,80
-139,118,-55,-57|31,192,-43,-159
-81,-82,-136,-95,-167,77,58|26,107,194,5,-10,172,-77
68,-81,-79,9,96|-62,87,-19,98,62
199,-20,-98,78,-47,-163,-132,-6,136,113|-168,17,186,-100,190,-38,47,187,-174,59
-159,58,-6,78,120,92,113|-116,-190,-21,-159,29,72,-148
13,-133|-22,36
-168,60,137,-86,31,99|64,-157,80,-3,-164,119
-23,7,-174,-160,165,161,194,35|46,131,-134,154,45,54,104,34
-21|-65
7,-54,90,-67,102,118,121,-39,-182|-10,144,-151,199,-82,-29,175,-75,-134
108,-117,28,119,-3,-167|-19,17,12,127,69,15
-129,-187,103,4,76,-27,-142,73|185,-80,31,-139,-146,42,74,28
-91,128,-28,198,155,50,93|98,-87,-5,174,-176,125,56
108,-164,70|-38,8,72
126,87|6,-37
-197,-174,117,75,159|-151,-124,-180,-96,85
167,183,48,179,185,160,-136,193|24,67,-151,140,-100,17,117,136
-7,29,-86,-7,-124,-15,-172,-188,-177|76,-115,-135,76,-177,-148,27,138,159
63,-95,94,-171,73,150,-62,119,-178|32,24,123,-30,138,189,-73,138,-1
141,-75,131,-129,53,-128,155|158,-163,99,-163,144,96,136
119,21,98,-99,-149,-83,-131,-71|-129,77,-90,-185,-108,-118,-194,-64
-36,-81|-51,-32
85,-82,175,-16,197|10,-136,120,-192,52
183,141,66,9,57,-121,65,-93,143|120,-162,-135,31,80,-78,-200,123,129
-88,139,176,-61,187,-82|28,-89,-39,-71,-99,-110
99,4,-181,32|103,-147,109,7
118,-45,-35|-20,35,120
-170,-160,-164,-92,4,10,77,-30|-186,132,19,-169,173,-49,92,-40
112,6,-122,187,113|25,-43,-149,160,-103
-66,123|-194,-197
97|74
128|-1
196,-139,139,198|-84,-141,128,-80
170,194,177,135|12,-77,48,142
116,-30,-136,110,-141|192,-28,-52,87,51
138,36,111,-95,117,-76,-43|113,-190,17,-157,108,2,-40
-160,-33,49,127,-122,186,5,30,124,-63|70,-127,-123,-119,77,88,3,-196,-138,-152
-160,-135,63,-97,-73,-55,195,-185,17,166|-47,-110,-1,-17,40,58,9,-73,-95,80
-131,-19,-112,-116,-197,-90|128,28,108,92,9,-36
-2,-61,-131,192,130,-115,141,189|171,-127,-160,56,46,-71,26,-188
-106,56|31,122
161,10,62,-155,-50,22,-198,-7,50|-167,1,-54,20,41,-72,182,-161,60
128|-119
-95,-89,32,-152|67,72,164,185
-29,50,-7,-200,-172,103,129,173|-46,182,-17,-190,-166,-92,116,102
-94,78,-150,41|59,-179,160,25
20,67,137,119,-6,-164,-160,178,-129,-127|-55,-162,50,-7,195,144,-173,49,6,-7
-195,-154,152,-58,-140,-133,-111,-124,173|77,-138,170,-81,68,59,-41,142,150
-87,3,166,-194,-162,165,81,-139,-99|-170,-174,145,-60,185,-130,-82,-75,178
85,-24,152,63,-151,-140,-38,15,-34|-24,-94,61,34,44,-47,-113,-105,-190
-86,90,182,-73,12,-49,83|21,48,-138,-194,198,-91,-41
-152,96,-115,-87,97,-175,-63,198|-105,-39,-59,80,28,7,-185,131
46,-25,-115,67|-200,22,108,-54
-167,-198,58,35|-86,99,101,170
-38,-169|-140,135
-76,-135,14,46,-121|-51,-193,180,-82,-166
22,18|94,-90
9,187,103,20|140,166,-131,150
-140|135
92,-14,52,29,23,-144,133,-71,54|128,-87,-29,132,37,30,-139,174,43
199,70,-178,31,115,-190|45,179,-60,-163,48,150
22|-124
-172,179,113,79,-65|194,-98,-124,26,-165
188,-128,-45|6,133,84
-102,135,111,80|130,43,-149,-47
-134,106,-134,5,144,-167,200|105,-36,108,-184,137,140,-159
-147,-42,196,159,183,24,46,-153|51,20,48,115,-188,87,78,62
57,-40,25,-139,184,-170,57,18,61|-101,-154,143,36,40,23,-53,-47,87
-27,101,-96,-61,133|-65,20,-55,-108,-59
119,-114,6,-31,170,75,123,-66|121,61,82,196,19,128,87,-64
-164,-29,-143,113,-143,58,-199,82,-61|51,-126,100,42,104,-175,7,116,41
-88,17,150,138,158,198,-68,-29|34,-113,89,-50,63,163,-72,-113
35,82,-138,23,13,53,137,-131,0|-198,21,-180,-15,44,-187,159,75,73
-130,112,-123,24|-49,-100,-119,140
-136,183,-177,-157,37,-33|149,-88,-161,-43,-51,-67
-91,180,-101|110,-23,-126
-78,-70,-62,-110,153,187,-137,197,23,-91|148,73,85,-4,159,127,-59,114,-73,23
71,-159,103|-21,-186,-102
108,-96,144,158,78,-49,191,83,-28|-52,-21,-60,155,86,-17,121,-170,-17
-11,164,121,40,52|152,62,-142,-172,-109
91|-89
-38,186,72,102,-65,-194,-3,147,-36,77|111,-90,-4,-151,-77,154,-172,135,-164,-67
-98,-116,-44,6,44,27,-6,-165,123,-107|74,118,-144,164,134,-131,20,79,65,-154
-130,-17,137,-6|96,-58,-74,141
93,-198,-10,51,147,193,-12,184,-73,35|56,178,105,-116,56,63,167,-49,185,114
172,170,62|-157,191,46
-37,-19,21,48,-28,172,-95|71,148,-67,-90,-89,-93,93
28,-192|50,20
16,23,-125|-36,127,-170
-179,108,-79,-123,7,64,16,26,102,195|-111,-156,30,130,60,105,-145,63,-16,141
-22,-123,-110,5,60,-66,-2,-194,189,101|125,-22,45,76,33,60,193,106,-6,-145
110,-52,47,-111,162,-48,197,-45,21,-131|-10,0,55,-6,70,3,91,26,-69,3
-164,14,-30,-141|152,75,107,48
172|51
78,42,152|-85,55,-39
-88,-134,124,-58,-164|112,18,-141,75,-15
181,131,-196,-105,-25,-41,153,-195|-102,-97,120,59,-190,-24,175,31
188,159,24,-144,171,-122,47|151,-183,96,-172,-17,-78,47
-31,3,-55,78|-160,-63,107,195
-136,-123,17,-71,-119,-188,117,64,63|-61,-42,46,100,-95,-94,171,-141,79
-127|-182
-36,-184,24,-7,-185,169,41,184,-118|-193,151,100,196,-77,33,73,-30,-103
190,-77,34,85,196,-35|-16,102,-11,-121,10,91
-102,-194,-107,76,13,-28,-77|93,-194,175,171,-87,-26,-84
-81,35,24,145,19,-124,188|157,-179,29,45,-97,126,-25
64|106
-121,14,-102,177|-30,-44,-119,-145
-111|-70
-78,150,69,56|-197,-39,-197,64
69,-28,157,99,174,-113,-4,20|37,-85,-72,54,140,-71,45,32
-50,13,147,-45,57,162,-199,188,184,-39|51,-51,51,122,-5,-62,-182,-77,-85,-3
57,-174,-135,-112,51,112,114,183|86,131,-5,-126,-146,93,-54,153
123,164,-167,-99,-117,-1,105,133,45|59,114,145,114,-144,-113,-71,44,-118
-19,57|-37,-103
77,-156,44|-121,-104,14
131,-188,-39,137,82,129,96,160,-122,-127|-50,-199,-151,-19,-162,137,75,-185,26,-69
-171,-139,93,-134,-74|-63,-180,11,-136,-144
-134,130,-114,-153,-6,-38,26,114|172,12,14,-125,-90,176,-53,-51
148,121|-185,47
-117,-82,89,-128,-200|-159,39,181,-11,21
3,12,-181,134,-80|-120,-175,-169,172,-91
-107,-169,-125|-170,18,87
170,-175,2,99,-98|81,31,-49,26,-181
144|67
-163|-136
-18,11|-122,-7
-56,-165,66|-11,123,-69
-128,196,-158,-68,50,3|91,147,184,13,187,132
-74,54,-190,-11,-55|-169,95,139,93,117
-199,105,0,154,-110,-167,114,-187,87,199|-47,172,150,101,-140,-47,-176,54,118,11
12,199,105,-59|156,134,-43,-199
178,-103,193,-142,18,-140,23,97,-144|-123,1,34,156,-176,-54,15,-111,-129
-16|-188
-80,105,30,-39,-133,20,178,148|-9,9,-110,-33,-42,-19,-196,-22
103,-169,-117,168,-24,-6|-187,-111,33,-162,-24,179
-184,191,-54,-197,-48,-24,20|-19,190,83,-186,42,-148,-178
-57,6,-155,61,-46,100,-78,64,-7,3|183,36,83,-38,163,194,95,-135,126,52
111,-26,51,160,65,-22,138|63,-97,27,-11,-163,-79,-184
-195,-90,8,-115,-121,45|-140,138,-142,-12,-43,109
-33,-78,-166,65,-8,115,46,-128,100|81,-166,-135,165,50,96,-39,-140,-45
-162,-101,-22|-137,52,63
61,-192,-32,-28,-136,62,-115,152,-61,-193|82,-13,12,-161,115,-122,-166,95,177,-193
-188,117,164|76,-132,30
-121,197,-15,-199,-68,177|158,113,162,20,87,-52
-71,81,181,191,5,141,17|49,141,-179,-102,-29,-168,-109
20,-156,-157,124,-149,-92,-111|-122,191,-94,-133,-150,184,27
-144,128,-3|-63,77,104
-88|197
195,87,-196,-118,96,-37,27,167|-134,-64,160,6,-13,-22,117,-90
-113,-153,109,-67,-13,-58,-123,-25,87,149|188,2,-103,-109,1,93,-28,89,100,189
144,-94,-72|156,-56,-141
89,-138,94,54,85,-173,-47,-197,-98,-2|53,-129,-130,-8,14,-84,90,-37,145,-107
165,29,-96,79|91,66,164,0
-78|-53
136,-99,-182|-158,-159,59
-78,188,194,99,-36,59,-191|158,-24,-11,174,-180,144,195
-26,177,-88,84,104|176,-36,-25,159,39
127,147,186,163,95,-74,-127,-45,-119|186,-11,184,-177,-98,-56,132,186,-182
187,195,-17,-144|136,-89,-27,39
172,140,117,60,137,81|7,22,-38,22,-194,-112
105,-199|81,14
-13,-132,189,176,58,-119,-128,-108,-39|118,49,177,32,52,-117,-118,173,181
197,84,78,-3,7,-199|33,-4,-180,-69,-90,-147
-97,6,34,114,139,-84,-40,95,-180|-182,-63,81,-16,122,148,-93,166,13
-71,39,193,-134,39,-182,-49,-77,-56|106,-74,88,-193,-183,68,183,-22,47
-27|186
-130,-72,-141,96,52|117,-162,-12,-16,132
67,-177,-57,-38,124,-61|145,-168,-184,98,-26,18
161,109,-111,-50,185,137,-53,-194|-107,-112,42,89,172,-101,8,-154
-175,-78,162,32|-67,45,-151,-185
-152|-122
-79,97,54,158,-114,-156|188,-53,-11,-39,-100,-183
-50,35,4,-192,-164,-198,140,65,-189|-34,14,-130,-162,-20,-35,-42,69,-178
-140,-93,-129,-120,-79|-50,-149,-112,190,-96
-37,28,74|9,-69,-82
191,-168|117,-114
13,-173,171,123,-84,29,162,170,-186,-38|-122,19,-9,-92,160,-123,116,-85,165,178
142,-87|-120,153
-60,-191,56,-32,5,-175|-148,40,-85,-101,107,117
99,90,-156,35,-92,-108,-149,-84|0,-75,-112,-185,159,173,182,-199
186,180,0,99,137,-82,87|-77,3,-137,182,192,196,-190
-140,-186,169,-52|177,108,58,74
181,-103,33,50,-144,-60,187,196,-53,-67|-144,-168,66,-90,-111,159,-25,-163,-60,148
59,-163,-52,-122,54,72,-97,-58|-115,145,100,150,-189,-171,-134,7
157,179,172,-107,124|-85,23,-44,-62,-20
-149,172,-65,-38,-167,131,-110,-47,-168,13|78,21,-70,19,-29,-74,94,-101,55,-7
191,153,125,-162|149,-125,-68,64
-69,-98|-184,-58
39,-53|111,-172
63,-147,17,-160,-124,67,26|148,25,-46,195,185,-162,-179
-7,-41,72|34,184,-128
163,113,-38,125,70,27,-90|189,21,93,-15,-101,-95,-87
-45,-3,-56,-70,133,-96|-37,-42,-48,-107,26,175
198,-95,190,186,78,-164|100,-24,-150,-74,-86,59
110,-45,-106,-28,142,39|166,126,-199,-170,-193,-31
-183,-1,-138,-43,-161,-151,-54|-119,44,162,78,-37,59,140
81,-76,-175,26,193,114,88,31,-102,-91|-7,63,111,21,94,6,8,69,163,-70
122,124,60,-104,129,-30,151,-130,-36|-71,-16,45,-34,-4,37,-197,-113,-49
-177,-149,-166,82,27,43,145,-30,-100|-25,124,168,129,89,-169,132,-145,143
-60|106
36,97,164,40,-33,35,-115,183|-9,63,-161,-151,-36,-101,-87,-9
-105,40,-197,198,73,-76,-6,106,26|-191,120,-121,158,152,-90,-176,187,-184
52,-170,-200,197|59,193,146,109
-45,110,-81,40,-171,188,-8,136,147,-6|-42,154,196,28,50,89,-69,-21,-99,-86
-115,-41,-13,88|134,200,-154,-161
-76,113,-69,-114,101|-61,-41,-56,-64,-59
30,-73,-17,147|-52,-171,1,47
190,-37,-42,-172,164,83,176,-183,184|-160,90,-181,85,38,-80,15,-9,-92
-130,157,-17,126,88|188,-25,-176,-70,50
97,76,198,-54|175,-149,-171,-67
92,-125|-164,-74
96,60,96,188,199|-117,-69,65,-15,46
-146,90,-82,43|169,-125,-50,-8
52,28,71|9,-97,-2
124,-152,196|31,-114,59
-28,-65,-148,119,20,74,-123,126|-150,101,-104,105,-146,-75,60,-133
-186,-81,60,-152,-63,51,170,155|-6,139,-145,173,108,81,5,165
82,87,149|-120,-159,175
-179,115,-18|124,-123,-42
-188,24,183,-24,-50,-21,-180,151,-121,119|-89,-140,-142,-135,-87,50,-37,-100,161,-11
32,14,76|-35,34,83
-19,106,-59,-68,125,79,14|-192,5,-113,8,183,105,-95
105,-22,-75,13,-112,158|-18,-161,48,-87,-93,-192
-67,-105,155,-35|-7,65,-30,-84
-12,135,116,37|33,184,-102,38
-163,36,187,-20,-154,76,132,19,-100,-185|-124,-6,66,-163,85,64,-187,118,20,17
74,73,44,130,-197|-124,50,45,179,-52
-145,68,119,-36|184,-13,-181,198
21,53,70,116,5|108,-61,100,76,2
-66,-35,142,-30,170,-27,55,-147|32,28,-163,117,115,-130,-123,-98
-186|193
21,-58,-168,99,-190,156,-164,166,17,2|-130,192,14,135,-75,-68,-160,-117,13,-64
-177,83,-11|138,-160,73
-125|29
44,-99,-91,-5,-180,120,178,-138|161,-9,140,167,-50,9,-198,-118
-32,-140|-16,-177
0,161|41,168
-74,-8,38,68|-124,-28,-185,-36
-145|158
59,7,54,16,173|108,134,-141,173,72
-96,-3,-50,-60,8,-143,-42,-77,-31,-160|19,188,165,-23,-97,-37,-81,-25,-72,101
-35,47,-165,75,61|121,166,200,154,-169
152,-25,33,-192,-153,55|-107,44,180,55,-194,-118
-168|-145
27|142
-48,-135|90,50
45,182,156,-167|-99,-100,-124,170
44,-161,-12,181,18,-116,54,195,31,129|34,-180,-42,-15,107,9,-185,175,-188,-161
12|114
161,-200,-37,-189,157,-79,77,180,-147|-134,-80,-197,37,125,159,76,197,-148
-199,148,-107,-129,-161,101,140,-196,-24|92,-25,72,-55,-74,-120,-41,-28,43
187,-24,15,-71,108,130,40,152,87|-108,-170,-187,-60,43,-79,-62,-165,-17
-85,169,-11,-100|124,-196,191,162
60,31,-189,137,112,174,73|100,-157,44,117,-69,-151,134
132,-70,-88,-15,139,2|-142,184,-31,145,-199,72
89,-170,125,-43,125,43,8,-195,132|169,-191,-109,-6,-81,-193,171,194,163
-146,69,4,197,-154,-94,117,-3,133|59,-69,129,4,-46,173,138,114,-187
-37,169,173,63,-115,-188|-54,-111,122,38,171,-142
-66,-113,156,2,-180,-61|-180,158,55,-164,27,34
31,175,-115,14,13,-153|138,-162,146,-2,-97,-77
-5,-113,39,195,-4,62,30|-155,-38,-89,91,-192,-58,-81
35,-25,191,24,-159,74,-44,113|-98,120,-71,-140,-172,22,-84,192
-69,36,-35,97,-46,-40,114,184|197,12,-58,-4,165,-7,-95,82
-151,-19,9,-174,63,159|109,132,114,-115,33,69
184,-48,11|61,-27,-113
90,-169,44,-92,104|-6,180,157,159,-152
-141,-121,184,-108,60,178,-79|111,34,-97,188,134,-178,198
191,-151|47,-53
99,23,55,-115,76,159,38,69,-43,12|87,114,-45,77,140,166,-20,-72,33,10
133,169,2,-167,-132,118|-183,1,-145,-171,-62,-125
-165,-158,132,158|69,-192,47,-116
50,126,-122,115,130,-54|-172,-188,-118,-188,-89,36
-5,149,63,140,-123,9,41,40|7,-63,-41,-111,23,-23,181,51
-22,9,-34,58,-69|179,-53,-196,-162,-162
114,187,-110,198,-127,-30,68,169|113,-179,-19,5,-168,-105,-140,26
175|-174
-8|-196
133|115
-86,190|-161,-124
-35|-43
65,-186,60,-96|-21,141,70,-198
-107,-169,103,104,40,145,-71,191|157,-187,190,30,-184,-11,-38,-30
-116,109,65|158,-78,-178
154,-193,-154,162,-170,-177,25|79,119,-149,74,-161,-189,148
9,53,42,59,164|53,-17,-196,111,191
-192,-69,-64,134,60,-80,15,-18|130,145,-164,160,190,-168,189,25
-144,-187,-71,-17,-48,113|163,-49,43,-87,-137,-108
-190,163,-94,-200,-45,169,59,-152,178,181|162,-143,-16,62,-116,18,-64,-148,-30,-185
190,68,-109,-40,-154,165,-93|-196,58,102,28,-174,-76,-82
168,-125,-98,44,136,-163,182,13,-25|-130,-133,145,149,-48,19,-187,18,5
-47,-174,-57,85,-3,91,-162,117,22,56|-155,-11,160,-71,10,118,-85,-86,-92,-43
-66,-193,-58,158|91,132,-138,-128
26,-101,119,-14,-87|-109,152,-50,-176,-23
95,-100,-22|-129,108,-60
170,-86,-103,165,89|55,49,104,0,-133
114|104
-46,165,92,-19,186,181,-1,137|-141,117,127,-161,44,-25,-48,135
7|48
-188,-23,-86,-104,-100,-80,152,18,123,-84|-120,109,72,72,-123,-105,-29,-109,-118,-195
18,-185,-132,-7|11,-63,15,77
-15,-34,-83,16,-62|159,-18,-20,-16,104
-107,154,34,-162,56,-80,-184,198|-91,-116,-178,-112,117,-9,123,146
99,61,165|32,-142,-8
163,-126,-171,-194,-193,-182,-7,-84,29|-48,41,50,-125,164,-163,-61,-157,8
-161,35,86,70,-165,-194|-84,144,33,41,194,-5
107|136
-47,147,9|51,163,86
117,165,150|68,150,183
-13,7,-28,26,-37,-95,10,-13,-171|168,128,-177,-61,165,160,-89,10,188
-164,172,171|-113,93,-164
122,92,26,-139,-138,-32,-51,119|189,130,76,87,-107,-3,143,24
28,14,-25,-11|33,4,181,102
15,170,-19|85,-125,-150
-186,-20,94,80,-194,-84,118|174,-152,-47,137,-137,113,-93
137,-184,145,45,-41,190|-113,-119,177,-182,63,-40
136,-67,117,91,182,175,44,45,-54|-124,-74,30,-164,10,103,-197,-83,-89
150,83,-88,72,-19,159,182,54,-187|95,159,-38,52,173,-144,2,99,-43
-43,171,4|-19,-111,159
-21,86,-120,106,-76,75,63,-56,-54|-168,-137,79,124,36,-186,130,5,-101
9,-56,-162|-129,164,-144
-90,-30,-13,134,-40,-8,50,-92,-11|-127,-154,147,-135,144,-75,130,-15,-123
-76,60|-184,85
81|-173
-10|133
115|115
-8|175
-175,139,29,-121,180,198|-169,33,-150,41,-3,185
33|51
-15,-20,136,79,-69|111,-161,-122,-45,-150
167,-146,72,-56|69,138,-138,162
-20,-143|161,-61
191,126,-40,-172,-25,-119|89,-111,175,-33,147,31
-143,172,-174,45,18,-90,68,-102,48|35,-125,-13,-194,146,-158,-186,13,146
166,23,-187,35,-50|-18,14,-194,159,-159
-122,-93|-17,-44
156,127,14,-96,183,151|-194,-186,-3,87,128,-118
-131,141,55,-9,147,-185,-194,-50|-132,-78,84,95,186,27,-146,176
-28,-84,-35,171,183,-117,95,-29,124,46|14,-196,124,120,67,125,-144,77,-146,18
90,-79|30,-8
72,-171,37,150,-171|-5,-141,2,10,-47
-1|145
6,-56,6,-147,-175,43,-14|125,147,-160,-59,156,-96,-86
165,161,41|194,-56,199
-148,189|152,-124
197,86,159,155,137,-94,102,86|172,112,-63,87,-192,-95,-53,100
66,112,187,-101|-24,78,8,-64
82,-90,56,-129,-66,154,85,-82,111,-144|-138,22,172,118,-158,151,41,-30,-38,87
-144,-30,-179|-1,88,-157
189,177,-115,-81,4|104,186,84,77,-177
-129,-158,-114,137,199,-86|-153,-167,48,134,-88,-103
2,-132,-38,-93,-113,50|-71,-47,-129,160,187,-102
-109,-95,-138,62,29,86,-18|186,184,149,-70,-127,178,-48
13,109,-35,-179,-36,198,-49|69,189,-138,-81,-166,187,-37
112,-160,-20|-77,-166,-92
-35,-197,114,-175,-153|98,183,196,-58,199
175,-120,-132,130,-10,167,-113,14,-148|-132,107,-134,121,43,66,94,-155,-106
-15,-150|22,-183
-190,-126,171,-7,13,149,-144|-132,200,87,109,30,95,59
94,-39,-122|121,-67,149
69,-110,-66,-104,-30,-34,-4,-156,-176|118,39,-91,-167,164,174,94,-42,-38
90,61,103,-27,46|94,-116,-45,149,-200
-150,146,142,173,176,187,121,175|21,-187,86,16,-15,120,92,-25
-26,-104,61,-34,-84,130,134|139,-76,-111,119,170,143,-183
1,64,34,-55,-146,155,-123,38,153|57,-148,-181,189,-199,6,68,-87,-127
-188,-198,101,117,124,39|123,156,-195,41,-179,-157
-154|9
190,-190,-132|18,154,-136
-155,78,-137|-152,-98,-19
48,99,44,55,-111|-181,-71,141,137,58
-123,-94,-121,-18|-119,-24,144,-52
40,124,-13,-200,-11,73,112,-163|-19,-14,139,-197,1,-130,-55,-189
-13,122,22,-167,-172,84,41,-28,96|83,-101,91,-44,-112,-46,135,-185,-197
-102,195,124,148,-116|128,-172,117,-183,-193
84,150,90|-92,-3,35
-52,133,105,-13,-161,54,-163,4|-146,-111,-40,-79,193,63,138,125
-17,-45,122,192,25,76,-77|-162,169,-74,-193,-198,13,-79
-73,-190,-84,179,53,98,-87|62,-53,-107,-177,-149,-196,197
21,-48,-8,-35,199,-117,-105,-176|155,-32,-162,112,0,-8,73,-48
140,-110,-65,-196,-176|20,66,-124,24,186
-81,-53,-47,64,122,105,167,-39,89,-112|110,-155,82,45,-103,-4,60,174,-196,93
-58,29,-32,155,-189,48,-54,-174,-66,-90|151,197,70,-54,-164,-151,40,-26,56,132
-64,171,17,74,45,-168,-97,0,-71,87|26,109,-156,62,-32,162,135,-19,150,-51
164,-20,-29,131,-164,-120,169|-133,48,-122,144,102,36,189
151,-194,-47,-29,-107,45,162,17,-11,-89|37,-188,18,-16,-102,-25,-64,-89,-138,143
99,98,-126,96|-112,-70,-44,5
36,36,-3|-1,26,130
-190,40,-102,167,-161,-87,-65|180,78,-125,23,-159,183,-89
167,194,-25,-143,-21,5,-141,91|91,187,135,-143,68,-103,48,15
161,-156|-90,22
-159,-119,152,-12,74,-70|-23,169,-125,-181,98,38
-49,52,76,64|79,3,21,-17
-45|31
144,163,-147,90|-18,126,16,27
-37,-115,-121,-107,-74,52|1,-91,165,155,5,84
-191,-148,-69|-42,-114,-94
130,20,67,-46|-93,183,13,-124
148,128,136,-133,-138|153,-174,130,172,79
-70|-62
-85,-57,-64|-59,22,181
-102,77,-15,168,63|73,114,-8,93,55
-186,-172,148,58,-186,-178,91,174,105,183|-108,-57,-108,192,-34,-107,53,-111,149,163
85,-194,-75,-66,-2,129,74|-189,156,-38,198,-74,101,-88
-4|133
-195,-193,149,-36,77,99,3,-115,-101|-106,177,-41,87,76,52,186,64,66
-94|-131
102,-68,-99,-141,-164,-57,-167,9,-25|133,26,56,-195,128,199,-101,-105,-33
192|165
-94,196,-126,-167,182,140,72,-25,-157,10|-180,-175,-114,-127,-188,194,46,-90,-43,-92
-126,192,46,-105,41,-37,-121,149,83|128,149,15,199,-144,196,-129,-21,101
-147,199,-102,-113,-42,46,148|46,-5,96,-58,-68,-6,128
-141,181,-34,86,54|91,196,-86,-12,121
-73,32|-191,-198
162,103,-49,3,-148,-140,184,-190|-179,183,-111,-99,90,-36,-189,195
-112,-117|-142,145
-41,-121,89,64,8|80,-30,-87,18,-135
184,171,30,-5,-151,-7,79|22,-128,19,-198,-95,35,-154
-101,2,-156,-29,-123|-97,-59,8,-67,-128
29,138,-95,186,119|-120,172,-68,-70,-55
93,148,-154,-36,175,-95,44,-22|182,197,-74,-106,-174,-62,-80,134
-98,16,187,-120,32,-46,60,132|-51,-114,-189,164,-49,-67,-119,-81
115,-170,171,55,105|135,18,-29,-138,-132
157,-176,-86,164,-57,44,-158,-94,47|139,-22,-72,-151,-43,185,23,20,-19
76,-124,109,31|-61,-60,-86,-4
-156,-161,148,168,-138|69,167,175,-152,-85
-147,-126,-68,-37,1,-66,156,132|174,142,-190,-148,-185,29,-22,-62
33,-62,186,-198|-104,86,-90,19
-138,-140,-157|-143,-156,-86
200,81,130,-133,-40,-33,-118,59,-71,134|160,-149,-14,-59,132,-112,119,120,-105,103
85,27,75,159|-126,-162,8,8
118,-180,-86,-71|-28,150,75,193
-175,-110,137|148,200,-8
152,95,100,-31,153,106,71,132|74,16,-196,186,-167,-125,-149,-84
145,159,-6,133,-28,123,161,27,35|-189,-57,53,95,-157,91,118,-102,-167
71,-111,79,91,-157,139,90,123,170|11,62,-122,140,-100,-138,-28,-104,-60
-62,39,99,3,186,75,122,-28|-183,-132,-131,-188,174,-185,-185,-68
-187,-81,69|93,-193,-76
-41,-152,-182,-167,-174,199,172,-41|186,111,-131,57,118,70,3,-45
5,164,191,106,-125,-143,94,-176,-122,66|-182,54,122,-190,15,36,-104,-182,-50,-82
197,77,-168,197,-167,68,-93|-157,23,118,-194,18,-39,-129
37,136|124,-59
80,-184,-184,129,-99,41,-156|-25,181,-99,-148,-174,-190,-82
88,-21,115,129,-96|-197,21,-62,-8,-195
74,109,124,181,49,-6,-132,-146,-126|71,-163,-58,-76,190,71,-139,-146,-95
95,-113,-29,-7,-178,115,-154,-52|-20,0,5,-158,200,-91,-174,44
-58,-156,110,199,72,-190,-6,-54|-125,-154,121,71,-166,-8,44,-44
-156|157
-149|-43
143,124,137,-51,119|149,-178,-163,70,-15
95,-89,134,111,-141,24,-73,125,53,160|75,-75,-35,145,100,-44,72,22,-113,-181
-197,-101,-131,147|-32,-43,113,148
173,-121,-111|74,-137,-1
123,114,22,32|-21,107,146,-6
175,149,132,-26|-81,119,158,40
-65,147,-65,130,36,-198,-80,-168|-113,200,57,-131,-130,43,-96,-5
-108,75,-47|148,-11,-189
95,-128|172,90
-21|-21
-9,36,-144,140,147,36,76,-190,42,185|-158,17,25,-120,-101,-166,-44,51,184,96
-118,-28,104,200,6,121,-40,181,-120,-134|-12,41,-125,-185,78,-89,67,-115,-160,-64
-198,98,111,195,135,-62,-46|11,-182,120,-119,97,27,177
-193,50,66,107,-77|-62,151,144,-5,109
-193,169,118,76,192,-162,-142,192|97,-180,-57,-162,-13,-8,-32,-172
16,55,0,-40,-11,-192|163,67,-65,6,-46,7
-80,131,-102,-51,197,14,55,-150|68,132,-114,93,-113,115,4,-168
-37,-134,34,43,186,2,-156,176|7,190,160,-9,-164,-26,-180,132
97,-52,100,-139,-83|133,182,176,-99,160
129,116|30,126
135,-15,53,151,36,45,-110|-195,162,-135,-171,-125,-162,130
179,99,-65,179,-197,115|-62,102,-89,-34,-199,75
37|197
-169,-96,88,-196,-120|-145,10,69,137,-45
-193,139,128,118,-125,-62,61|-198,-146,17,-28,91,-21,155
-103,6,-128,-135,142|-124,133,-79,-8,-154
-94|186
-27,-150,28,-43,12,20,-12,-57,-199|182,92,-194,11,163,-54,-130,29,-30
-181,171,104,190,16,154,152,91,74|118,-131,-133,-96,-3,129,135,-175,55
191,150,-171,10,-32,-98|151,-33,157,42,165,-66
-57,-81,-15,82,87,-127|-76,-66,-13,87,-102,-2
101,-72,-101,-60,-53,-117,-88,-78|-107,-21,110,-125,-147,-124,-104,187
-180,-107,-141,-128,-103,8,125|40,-29,-75,-14,127,58,141
138,120,77,57,-7,-81,57,19,19,75|-97,-123,-138,20,197,14,39,149,-149,-178
-25,134,166,156,-63,-114,-177,47,-195|122,-74,-127,-65,56,67,-91,138,-112
138,177,25,-110,142,-19,-191|-28,108,-71,143,133,62,-38
71,127,150,-3,153|142,-124,-185,-173,-108
-26,-138,-1,71,42,-83,-98|172,-86,22,-131,6,-138,-111
-189,42|116,-29
-179,-53|-42,152
-132,-108,76,105,135,-102,1|-75,-33,-110,-100,17,80,-64
-190,-134|-191,-129
185,-138,6,-77,125,142,-153,144,140,88|-65,-133,-184,56,-76,-99,44,104,28,-112
193,-141,-39|164,-105,-30
-31,-16,133,-24,33,-51|37,-164,-175,35,0,37
19,131,-107,178|31,44,47,102
-91,-85,144,-157,-85,181,-65|19,-144,195,-3,-199,-149,-79
39,84,-68,-158|164,-193,158,-180
-188,-34,-179,-59,-112,11,107,102,37|-23,-120,156,23,-136,19,184,144,-159
47|172
29,68,91,20,160,95,200,-98|137,65,-24,148,-34,4,128,146
-38,-180,196,-120|-29,-95,-88,172
20,-29,-94,-105,88,35,57|-123,190,88,9,69,130,-141
195,-177|59,-198
-78,47,-13,-166,-41,41,30,58,-45,71|-26,112,9,-65,-124,94,192,-49,-129,-122
33,145,69,121,10,68,180|47,132,-60,88,-160,93,150
166,190,-67,75,-91,-31,-170,-79|96,-179,-69,-146,-33,184,143,101
-5,97,-173,23,-32|167,-183,-116,-142,165
170,-176,10,16,135,7,-164|152,-36,-195,-14,-112,-80,59
-3,-137,11,142,145,-21,-3,-60|183,-99,154,62,113,-143,-82,134
-144,-181,-101,-168,23,-176,113,158|196,148,-12,9,124,158,106,68
167,151,138,109,-146|-199,-189,-180,0,81
-156,-172,-80,-140,-198,-181,110|183,-185,135,188,-193,-122,154
-4,66,-55,-78,-105,-162,147,-64|-32,-180,55,85,150,114,-105,-8
-131,-18|-46,-54
94,-74,-39|136,-40,107
-28,-67,9|77,-108,-177
175,186,-117|-176,37,127
-26,-140,-84,159,-93,49,173,125|70,-193,173,-29,41,176,16,29
27,185,-99,-110,-91,175,139,68,-164,-162|-75,39,97,-100,15,127,-184,-7,97,-178
-98,1,194,-99,-92,169|172,68,-122,96,-65,69
-76,-140|-169,160
69,-99,61,92,-17,103,170,-62|-51,-18,-41,87,104,-57,-92,57
-151,-81,23,-142,-77,-55,-149,111,-130,131|188,149,45,-128,41,147,-110,-24,34,-12
-48,-97,-6,-44,-21,-10,151,4,184|130,45,41,26,-31,56,71,-78,-157
-74,-174|-191,-88
190,-119,-200,-60,-188,-108,-78,-8,112|-161,167,12,-121,-34,157,175,47,-83
-162,165,-98,-175,-23,104,-27,-18,178|126,57,119,-30,-73,-117,-99,-84,-31
141,136,-153,63,-51|62,-67,183,122,-117
25,-25,196,-81,-64,-99,-152,-101,107,-157|12,57,181,55,-119,-152,109,-197,-30,-23
75,-199,-125,-68,103,-83,49,138,12,168|-36,63,-95,-143,166,164,139,-66,93,66
128,-75,-162,80,65,97,-97,-68,64|-124,-135,-153,-89,-115,109,161,-106,13
-180,65,-183,192,-181,-20,-200|-19,-181,-33,-128,179,-89,29
71,148,-73,9,-36,-168,170|-159,7,-67,-146,-181,77,91
121,157,-41,119|92,69,-174,69
-149,-160,57,136,-178,165,-51,-5,86,-72|29,189,25,9,92,-114,-15,-138,-82,-5
-175,-53|153,64
-73,124|199,-172
145,-78,-99,85,-106,-102|73,172,-4,146,-97,65
9,97,149,-198,-113,-74|51,-8,165,-152,-105,76
-167,57|-139,153
-197,-109,189,-61|-191,80,-68,-106
-158|-133
-8|105
177,-91,128,48,70,22,129,140,-158|77,15,21,-16,-105,181,140,103,195
-198,166,162,25,-160,-42,-88,-96,18|183,-153,-137,-200,-156,-30,14,-53,62
-132,-89,21,-142|43,-197,18,-4
-94,3,-97,-133,88,-46|-2,-28,76,12,6,-17
-8,-79,-115,-41,-56,89,175,197,103|-19,51,-197,-28,-96,-31,58,22,79
159,-82,-156,199,-172|-127,84,81,-98,43
-43,-80,41,132,-67,128,-157,-60,62|107,-73,171,-13,21,181,136,23,58
-95,176,159,79|-178,31,-197,-69
164,158,-56,-128,-72,-6,18,56|16,3,-32,163,-152,145,181,-107
-106,-116,188,75,-140,-73|-12,-173,-32,2,129,98
-144,-48,-92,-164|193,-76,-130,61
-173,-19,-174,-17|145,-185,49,-149
69,-74,-18,117|-58,44,-7,119
116,118,0,-141,27,174,-2,129,127,143|-112,-178,19,-196,-28,120,-165,182,67,-123
74,-134|127,-108
107,179,-42,-17,-114,-75,3,81|44,-65,-194,24,162,19,131,165
34,-188|-73,41
-179,-190,1|-49,-193,-64
-200,29,7,-69,158,95,27|152,-155,150,31,15,83,44
187,33,149,180,-3,129,-72,25|33,-28,-47,118,-187,58,-72,-46
96,-193,73,-197,23,-119|117,-158,-74,43,149,178
-200,-18,2,-38|-113,162,-28,-33
155,98,108,-118,0,-49,-195,-100,129,-128|-100,23,-175,-53,-77,70,-37,-175,15,185
-84,-100,-53,133,67,-34|65,-138,154,-27,-128,-87
154,-6,97,-53|-4,-18,73,-126
-111,198,97,-143,-190,-148,-1,-39,-153,84|-193,-167,114,-189,28,-39,-134,-51,-19,116
-74,-120,66,166,123,63|-27,22,-141,178,-8,-167
-3,178,-112,69,-91,103,63|170,-4,-13,-1,-28,-81,107
50,-77|-100,135
-28,195,-186,78,-114,199,42|-76,189,-152,-48,-168,-57,-7
87|85
160,-159,-127,-178,15|49,172,129,155,-199
-16,-1,-136,64,-62,179,92,-93|75,-61,-186,-6,197,-39,-45,-29
55,181,147,125,-116,45,18|126,13,7,-62,-141,38,-92
24,182,114,192,-63,-186,54,73,84|103,37,180,-190,-104,-153,-85,-179,50
101,157|53,-20
-45,135,-127,159,-119,110,25,-143|-53,-189,123,-170,-198,-23,-131,6
-9,-154,-18,-150,-188,-114,-11,-119|-137,25,2,120,-43,76,-72,-48
-9,-166,59,143,190,37|-154,-50,79,189,-150,-62
114,-2|-41,-58
-195,-86,40,104|37,-66,100,-103
-38,-167,105,-106,-120,-14,-56|-97,-151,137,-10,-200,-98,119
66,86,126,145,47,-183,137,152|199,179,67,28,-2,-160,134,14
-198,163,-181,-75|-139,-164,-145,43
113,-36,-4,128,23,82,82,64|80,-9,-46,42,-118,-113,7,30
150,-36,138,32,-7,186,52,119,-174,-143|-12,140,-122,147,174,-184,165,186,42,-190
-111,91,-152,82,-43,-84,44,-25,174,-55|198,157,166,-144,-166,40,37,53,17,-60
117,-195,-14,16,-123,-179,-39,-187,-4,-96|-175,-142,-169,-105,60,-56,191,10,145,98
-148,-61,-145,39,54,152,-9|-3,194,142,-60,-2,174,189
111,140,99,-170,-199,146,30|-27,-153,38,-96,-116,194,-189
-91,-137,192,194,160,169,9|-31,11,148,165,30,-135,-58
-61|-135
-67,-54,-40,-175,23,32,-174|-14,-172,-113,-70,-83,-130,68
102,131,-192|-25,-98,-117
48,13,124,117,128,178|180,189,83,187,-97,110
-141,-198,96,-149,17,72|131,68,50,-64,56,188
119,-62,72,-4,90,40,74|119,164,-135,-124,-54,51,190
71,-167,-29,-85,170|188,168,145,-199,16
25,103,69,199,117,73,89,163|-61,17,-25,194,-165,-113,55,-19
-10,-133,50,92,-141,-68,81,114,189,-14|43,108,189,146,-148,-107,48,-191,-120,-197
36|-181
-40,-87,-158,-55,-175|31,70,-179,-176,-56
-51,24,-199,192,-49|-12,126,-54,-200,3
-169,176,-171,100,-90,-139|-193,0,38,156,-79,-67
89,129,66,-77,161|-57,-14,-17,-23,80
-21,24,196,23,111,191,-195,169|159,101,-111,-81,199,13,177,-9
-35,-46,-124,-61,-62,75|37,178,-146,100,191,-122
-15,144,126,-118,-8,19,-16,-81,-4,-126|-55,-193,-134,115,-130,1,55,118,-165,-108
-129,23,-135,-195,-136,-141,189,85,131,34|-120,67,32,-63,-135,90,179,16,194,181
190,189,-73,44|23,-48,5,103
-116,76|196,117
-61,108,-136,-49|64,-30,105,-91
23,-40,109,167,-96,157,149|-85,174,-195,27,104,-63,-149
17,160,73,-49,172,170,148,-55|-78,-131,29,-46,-178,-73,-149,-199
158,-188,97,-3,6,82,-158,193,-23,-118|52,-143,62,-142,53,-7,41,-62,-81,-196
149,-77,-122,-154,-27,185,-2,90,156|10,96,142,11,-164,183,-62,48,-22
170,129,68,-131,-181,139,-185,-46,-89,-40|91,31,154,-164,-4,-173,149,-182,194,-76
-115|-191
-179,-177,99,-82,-53|-52,157,23,182,-129
8,-38,82,199,-64,7,-156,-154|4,-13,108,50,21,-8,108,-67
-193,61,-138,-150,-148,-151,38,196,-58|-67,156,128,-194,-117,128,29,-193,63
-73,38,-2,35,-136,-12,-152,183,131,-72|-44,-133,35,-38,-7,60,126,-66,-42,184
-62,-156,62,159,109,101,-65,-146,14,2|-97,113,155,-28,-138,49,105,-124,184,68
136,-83,81,-146,-74,89,-31,-168,-32,-23|-137,-72,157,173,-150,-24,148,161,-76,178
148,-159,-106,36,-85|67,-127,14,-198,-54
-178,-64,-10,189,3,128,-114,161,149,30|-11,165,90,-60,56,-3,140,182,-160,-72
-116,-128|22,-45
11,136,-53,-46,-31,19,5,-86|-141,180,-57,-83,-187,-15,120,70
45,174,105,-68,-185,50,47,61|-132,-83,44,-80,58,-139,160,-167
-7,-16,-41,-164,-67,-133,-56,-184,169|-163,198,198,-128,145,-69,-111,-105,-97
144,-74,-136,-184,-147|181,-141,93,-117,159
185,78,-90|-62,4,-198
114|77
-75,-77,164,-112,20|-198,-181,-118,151,85
-185|-16
-63,25,170,177,-174|-199,106,-180,-190,56
-156,-146,-146,-10,-1,174,-97|51,9,195,-57,-1,102,-64
-175,161|-188,-169
-37,-138|38,187
-99,126,108,74|-27,-158,145,160
-94,-125,-176|-196,143,30
-186,84,35,93,-77,97|-75,0,-83,17,86,87
42|125
200,172,110,-160,186|103,-92,-77,63,-88
57,-111,-195,-158,93,53|-195,94,176,-121,-104,70
-56,161|23,161
90,-185,96,-175,189,-145,-138|-74,-180,170,-179,191,-3,116
-9,64,-187|-198,160,-96
22,48,75,67,6,-123,-34,-38|-101,-38,-56,68,141,5,-55,-148
-148,170,-54,-125,-80,161,-169,-178,-87|-112,7,159,-69,168,144,112,-5,-133
-197|85
187,-17,-155,6,-200,-28,-86,161,-92|-88,-167,-40,-191,-8,-43,-85,153,-54
-200,10,-199|-46,58,91
59|117
181,-61,61,156,82,118|111,-138,70,150,-189,-126
-156,187,181,83|67,-79,33,44
-145,-118,-192,147|126,8,71,-21
-194,-91|-157,-115
-39,130,-178,-81,-9,-140,21,54,122,174|40,148,-141,5,58,45,-65,177,-104,88
173,133,-27,-113,131,127,-131,-23|-119,152,-152,-108,-123,129,32,90
17,74,-124,61,-155,196|-199,-155,-116,45,-144,-133
-119|-147
132,132,-18|177,-187,-78
-86,108,-122,68|119,135,164,198
123,-96,-102,99,196,33,-3,169,78|-132,92,-197,-88,106,110,-144,146,-162
145,87,-116,78,-2,-19,-46,-184,-38,-83|144,-153,-188,-126,-147,-5,-179,174,54,189
51,68,58,79|-118,98,-196,-116
16,-160,165,-109,146,-148,-34,24|197,195,-197,-126,-79,153,75,-186
-192,126,-29,-157,-127,57|118,-133,-119,43,97,-150
84,-98,-188,152,20,-36,-173,79,-162|-116,-135,-41,29,114,-189,66,197,-77
132,-91,122,-128,-117,149,186,-177,-148|-54,-194,-148,81,-140,-4,131,159,-122
151,102|-107,6
-7,-116,-174,-123,-168,166,-7,144,134|38,153,99,84,-93,132,173,67,-194
155,-139,-167,46,-155,29,-27,42|-77,95,200,-162,-176,-194,-35,-109
-41,-27,-179,84,114|-62,-28,147,98,-99
151,-151,103,64,-107,-2,-170,138,-47,-47|75,124,140,-50,-86,-167,-52,78,13,63
-35,94,181,136,101,-55,114,76|-181,-168,147,79,129,170,-181,65
128,170|-55,15
